ID|DateObs|TimeObs|Filename|Object|RA_hhmmss|DEC_ddmmss|RA_deg|DEC_deg|RA_pix|Dec_pix|FilterName|JD|ExpTime_sec|Zmag|FWHM|Altitude|Airmass
1|2017-09-05|15:34:55|3C371-20170905@153434-R_30508_calib.fits|3C371|18 06 50.70|+69 49 28.0|271.7112|69.8244|1021.8124|979.1843|R_30508|2458002.149247685|180.0|20.7348|6.5488|2862.0000|2.0397
2|2017-09-05|15:38:07|3C371-20170905@153807-R_30508_calib.fits|3C371|18 06 50.70|+69 49 28.0|271.7112|69.8244|1022.0975|978.9497|R_30508|2458002.1514699073|180.0|20.7114|6.3398|2862.0000|2.0572
3|2017-09-05|15:57:19|3C454-3-20170905@155719-R_30508_calib.fits|3C454-3|22 53 57.70|+16 08 54.0|343.4904|16.1483|1017.6038|1030.2513|R_30508|2458002.164803241|180.0|20.0910|5.4140|2862.0000|1.0087
4|2017-09-05|16:00:30|3C454-3-20170905@160030-R_30508_calib.fits|3C454-3|22 53 57.70|+16 08 54.0|343.4904|16.1483|1018.2238|1028.1812|R_30508|2458002.1670138887|180.0|20.1326|5.0077|2862.0000|1.0092
5|2017-09-05|16:21:56|3C66A-20170905@162135-R_30508_calib.fits|3C66A|02 22 39.60|+43 02 08.0|35.6650|43.0356|1044.9847|892.0756|R_30508|2458002.1818981483|180.0|21.1981|4.5208|2862.0000|1.3238
6|2017-09-05|16:25:09|3C66A-20170905@162509-R_30508_calib.fits|3C66A|02 22 39.60|+43 02 08.0|35.6650|43.0356|1044.4852|892.4239|R_30508|2458002.1841319446|180.0|21.1439|4.9466|2862.0000|1.3125
7|2017-09-05|15:27:39|4C51-37-20170905@152717-R_30508_calib.fits|4C51-37|17 40 37.00|+52 11 43.0|265.1542|52.1953|954.9970|938.0166|R_30508|2458002.144201389|180.0|20.8206|5.2034|2862.0000|2.0922
8|2017-09-05|15:30:50|4C51-37-20170905@153050-R_30508_calib.fits|4C51-37|17 40 37.00|+52 11 43.0|265.1542|52.1953|955.5336|936.8435|R_30508|2458002.146412037|180.0|20.7681|6.4316|2862.0000|2.1258
9|2017-09-05|16:29:23|AO0235+16-20170905@162901-R_30508_calib.fits|AO0235+16|02 38 38.90|+16 36 59.0|39.6621|16.6164|1017.8281|1020.8865|R_30508|2458002.1870717593|180.0|20.8694|6.2787|2862.0000|1.3773
10|2017-09-05|16:32:34|AO0235+16-20170905@163234-R_30508_calib.fits|AO0235+16|02 38 38.90|+16 36 59.0|39.6621|16.6164|1017.6355|1021.3002|R_30508|2458002.1892824075|180.0|20.9355|5.9356|2862.0000|1.3610
11|2017-09-05|15:50:50|CTA102-20170905@155029-R_30508_calib.fits|CTA102|22 32 36.40|+11 43 51.0|338.1517|11.7308|1018.8568|913.0350|R_30508|2458002.160300926|180.0|20.3271|4.3825|2862.0000|1.0260
12|2017-09-05|15:54:02|CTA102-20170905@155402-R_30508_calib.fits|CTA102|22 32 36.40|+11 43 51.0|338.1517|11.7308|1018.7786|911.7973|R_30508|2458002.162523148|180.0|20.2835|4.4880|2862.0000|1.0275
13|2017-09-05|16:14:17|ES2344+514-20170905@161355-R_30508_calib.fits|ES2344+514|23 47 04.80|+51 42 18.0|356.7700|51.7050|1023.2674|1029.1973|R_30508|2458002.176585648|180.0|21.1898|5.6843|2862.0000|1.1410
14|2017-09-05|16:17:29|ES2344+514-20170905@161729-R_30508_calib.fits|ES2344+514|23 47 04.80|+51 42 18.0|356.7700|51.7050|1022.6789|1033.0918|R_30508|2458002.1788078705|180.0|21.2667|4.4041|2862.0000|1.1398
15|2017-09-05|16:05:43|L-Lacertae-20170905@160521-R_30508_calib.fits|L-Lacertae|22 02 43.30|+42 16 40.0|330.6804|42.2778|1051.2429|989.0760|R_30508|2458002.1706365743|180.0|20.9832|4.8320|2862.0000|1.0916
16|2017-09-05|16:08:53|L-Lacertae-20170905@160853-R_30508_calib.fits|L-Lacertae|22 02 43.30|+42 16 40.0|330.6804|42.2778|1051.0085|986.6411|R_30508|2458002.172835648|180.0|20.9918|4.7412|2862.0000|1.0951
17|2017-09-05|15:43:18|PKS2155-304-20170905@154256-R_30508_calib.fits|PKS2155-304|21 58 52.00|-30 13 32.0|329.7167|-30.2256|1024.4560|1021.2667|R_30508|2458002.1550694443|180.0|20.5537|4.5766|2862.0000|1.7369
18|2017-09-05|15:46:30|PKS2155-304-20170905@154630-R_30508_calib.fits|PKS2155-304|21 58 52.00|-30 13 32.0|329.7167|-30.2256|1026.6981|1019.1077|R_30508|2458002.1572916666|180.0|20.5457|5.0191|2862.0000|1.7444
19|2017-09-06|18:09:06|3C454-3-20170906@180844-R_30508_calib.fits|3C454-3|22 53 57.70|+16 08 54.0|343.4904|16.1483|1022.4376|1016.9966|R_30508|2458003.2563194446|180.0|20.3173|2.1735|2862.0000|1.2166
20|2017-09-06|18:12:18|3C454-3-20170906@181218-R_30508_calib.fits|3C454-3|22 53 57.70|+16 08 54.0|343.4904|16.1483|1022.6882|1017.5760|R_30508|2458003.2585416664|180.0|20.2963|2.1836|2862.0000|1.2276
21|2017-09-06|18:32:31|3C66A-20170906@183209-R_30508_calib.fits|3C66A|02 22 39.60|+43 02 08.0|35.6650|43.0356|1023.1012|1030.9689|R_30508|2458003.2725810185|180.0|21.2872|2.7333|2862.0000|1.0735
22|2017-09-06|18:35:42|3C66A-20170906@183542-R_30508_calib.fits|3C66A|02 22 39.60|+43 02 08.0|35.6650|43.0356|1023.4711|1034.7315|R_30508|2458003.274791667|180.0|21.2979|2.7507|2862.0000|1.0717
23|2017-09-06|18:40:54|AO0235+16-20170906@184032-R_30508_calib.fits|AO0235+16|02 38 38.90|+16 36 59.0|39.6621|16.6164|1042.1379|1001.3552|R_30508|2458003.278402778|180.0|21.3993|2.5301|2862.0000|1.0268
24|2017-09-06|18:44:05|AO0235+16-20170906@184405-R_30508_calib.fits|AO0235+16|02 38 38.90|+16 36 59.0|39.6621|16.6164|1041.2602|1004.0674|R_30508|2458003.280613426|180.0|21.4111|2.2838|2862.0000|1.0242
25|2017-09-06|18:01:55|CTA102-20170906@180134-R_30508_calib.fits|CTA102|22 32 36.40|+11 43 51.0|338.1517|11.7308|1000.1150|1074.3076|R_30508|2458003.2513310187|180.0|20.6640|2.2715|2862.0000|1.2951
26|2017-09-06|18:05:07|CTA102-20170906@180507-R_30508_calib.fits|CTA102|22 32 36.40|+11 43 51.0|338.1517|11.7308|1001.0030|1075.1888|R_30508|2458003.2535532406|180.0|20.6601|2.1715|2862.0000|1.3089
27|2017-09-06|18:24:01|ES2344+514-20170906@182339-R_30508_calib.fits|ES2344+514|23 47 04.80|+51 42 18.0|356.7700|51.7050|1009.6064|1018.8847|R_30508|2458003.2666782406|180.0|21.2820|2.3387|2862.0000|1.2194
28|2017-09-06|18:27:13|ES2344+514-20170906@182713-R_30508_calib.fits|ES2344+514|23 47 04.80|+51 42 18.0|356.7700|51.7050|1009.6421|1018.2541|R_30508|2458003.268900463|180.0|21.2898|2.4022|2862.0000|1.2249
29|2017-09-06|18:16:36|L-Lacertae-20170906@181615-R_30508_calib.fits|L-Lacertae|22 02 43.30|+42 16 40.0|330.6804|42.2778|1042.4722|1000.0093|R_30508|2458003.2615277776|180.0|20.9834|2.4282|2862.0000|1.4372
30|2017-09-06|18:19:48|L-Lacertae-20170906@181948-R_30508_calib.fits|L-Lacertae|22 02 43.30|+42 16 40.0|330.6804|42.2778|1042.6090|1000.6669|R_30508|2458003.26375|180.0|20.9767|2.4696|2862.0000|1.4529
31|2017-09-06|18:48:59|S5_0716+71-20170906@184838-R_30508_calib.fits|S5_0716+71|07 21 53.40|+71 20 36.0|110.4725|71.3433|979.0543|928.1774|R_30508|2458003.2840162036|180.0|20.9822|2.6410|2862.0000|2.3528
32|2017-09-06|18:52:11|S5_0716+71-20170906@185211-R_30508_calib.fits|S5_0716+71|07 21 53.40|+71 20 36.0|110.4725|71.3433|979.9598|927.9007|R_30508|2458003.286238426|180.0|20.9777|2.8376|2862.0000|2.3307
33|2017-09-07|17:55:42|3C454-3-20170907@175521-R_30508_calib.fits|3C454-3|22 53 57.70|+16 08 54.0|343.4904|16.1483|1022.9753|1019.4016|R_30508|2458004.247013889|180.0|20.2736|2.1864|2862.0000|1.1864
34|2017-09-07|17:58:54|3C454-3-20170907@175854-R_30508_calib.fits|3C454-3|22 53 57.70|+16 08 54.0|343.4904|16.1483|1023.7007|1019.8817|R_30508|2458004.249236111|180.0|20.2436|2.1991|2862.0000|1.1963
35|2017-09-07|18:19:08|3C66A-20170907@181848-R_30508_calib.fits|3C66A|02 22 39.60|+43 02 08.0|35.6650|43.0356|1023.3387|1030.7875|R_30508|2458004.263287037|180.0|21.2722|2.6869|2862.0000|1.0798
36|2017-09-07|18:22:21|3C66A-20170907@182221-R_30508_calib.fits|3C66A|02 22 39.60|+43 02 08.0|35.6650|43.0356|1023.6123|1034.6649|R_30508|2458004.2655208334|180.0|21.2579|2.6916|2862.0000|1.0775
37|2017-09-07|18:27:28|AO0235+16-20170907@182706-R_30508_calib.fits|AO0235+16|02 38 38.90|+16 36 59.0|39.6621|16.6164|1044.2543|1004.6540|R_30508|2458004.269074074|180.0|21.2335|2.6509|2862.0000|1.0356
38|2017-09-07|18:30:40|AO0235+16-20170907@183040-R_30508_calib.fits|AO0235+16|02 38 38.90|+16 36 59.0|39.6621|16.6164|1044.2568|1007.7043|R_30508|2458004.2712962963|180.0|21.1497|2.1950|2862.0000|1.0324
39|2017-09-07|17:48:33|CTA102-20170907@174811-R_30508_calib.fits|CTA102|22 32 36.40|+11 43 51.0|338.1517|11.7308|1039.1843|947.7722|R_30508|2458004.242048611|180.0|20.5730|2.2824|2862.0000|1.2579
40|2017-09-07|17:51:44|CTA102-20170907@175144-R_30508_calib.fits|CTA102|22 32 36.40|+11 43 51.0|338.1517|11.7308|1039.7797|948.1590|R_30508|2458004.244259259|180.0|20.6051|2.2257|2862.0000|1.2703
41|2017-09-07|18:10:36|ES2344+514-20170907@181015-R_30508_calib.fits|ES2344+514|23 47 04.80|+51 42 18.0|356.7700|51.7050|1009.1562|1025.2146|R_30508|2458004.257361111|180.0|21.2546|2.3237|2862.0000|1.2046
42|2017-09-07|18:13:49|ES2344+514-20170907@181349-R_30508_calib.fits|ES2344+514|23 47 04.80|+51 42 18.0|356.7700|51.7050|1009.0594|1024.5881|R_30508|2458004.2595949075|180.0|21.2239|2.2991|2862.0000|1.2094
43|2017-09-07|18:03:12|L-Lacertae-20170907@180251-R_30508_calib.fits|L-Lacertae|22 02 43.30|+42 16 40.0|330.6804|42.2778|1044.3072|996.9427|R_30508|2458004.2522222223|180.0|20.8624|2.3964|2862.0000|1.3943
44|2017-09-07|18:06:23|L-Lacertae-20170907@180623-R_30508_calib.fits|L-Lacertae|22 02 43.30|+42 16 40.0|330.6804|42.2778|1044.2305|997.5855|R_30508|2458004.2544328705|180.0|20.7795|2.3300|2862.0000|1.4085
45|2017-09-07|18:35:31|S5_0716+71-20170907@183510-R_30508_calib.fits|S5_0716+71|07 21 53.40|+71 20 36.0|110.4725|71.3433|978.2724|925.6985|R_30508|2458004.2746643517|180.0|19.2662|2.7833|2862.0000|2.4217
46|2017-09-07|18:38:42|S5_0716+71-20170907@183842-R_30508_calib.fits|S5_0716+71|07 21 53.40|+71 20 36.0|110.4725|71.3433|978.9958|925.4204|R_30508|2458004.276875|180.0|18.8005|2.6909|2862.0000|2.3984
47|2017-09-16|14:41:42|3C371-20170916@144120-R_30508_calib.fits|3C371|18 06 50.70|+69 49 28.0|271.7112|69.8244|1020.5214|970.7483|R_30508|2458013.1122916667|180.0|21.1192|3.4804|2862.0000|1.9885
48|2017-09-16|14:44:54|3C371-20170916@144454-R_30508_calib.fits|3C371|18 06 50.70|+69 49 28.0|271.7112|69.8244|1020.7281|970.3834|R_30508|2458013.114513889|180.0|21.1113|3.5098|2862.0000|2.0048
49|2017-09-16|16:23:04|3C371-20170916@162243-R_30508_calib.fits|3C371|18 06 50.70|+69 49 28.0|271.7112|69.8244|1021.3450|1020.9937|R_30508|2458013.182685185|180.0|21.0372|4.3177|2862.0000|2.7222
50|2017-09-16|16:26:17|3C371-20170916@162617-R_30508_calib.fits|3C371|18 06 50.70|+69 49 28.0|271.7112|69.8244|1023.2989|1020.7143|R_30508|2458013.1849189815|180.0|21.0166|4.1978|2862.0000|2.7553
51|2017-09-16|15:12:54|3C454-3-20170916@151232-R_30508_calib.fits|3C454-3|22 53 57.70|+16 08 54.0|343.4904|16.1483|1022.1199|1024.6540|R_30508|2458013.133958333|180.0|20.5780|2.0863|2862.0000|1.0085
52|2017-09-16|15:16:06|3C454-3-20170916@151606-R_30508_calib.fits|3C454-3|22 53 57.70|+16 08 54.0|343.4904|16.1483|1022.4610|1022.8446|R_30508|2458013.1361805554|180.0|20.5796|2.1977|2862.0000|1.0090
53|2017-09-16|15:37:35|3C66A-20170916@153713-R_30508_calib.fits|3C66A|02 22 39.60|+43 02 08.0|35.6650|43.0356|1045.2372|891.0519|R_30508|2458013.151099537|180.0|21.4414|3.1694|2862.0000|1.3278
54|2017-09-16|15:40:48|3C66A-20170916@154048-R_30508_calib.fits|3C66A|02 22 39.60|+43 02 08.0|35.6650|43.0356|1045.0168|891.0386|R_30508|2458013.1533333333|180.0|21.4355|3.1339|2862.0000|1.3164
55|2017-09-16|14:34:23|4C51-37-20170916@143402-R_30508_calib.fits|4C51-37|17 40 37.00|+52 11 43.0|265.1542|52.1953|1006.9241|993.1558|R_30508|2458013.1072106482|180.0|21.2071|3.7681|2862.0000|1.9942
56|2017-09-16|14:37:35|4C51-37-20170916@143735-R_30508_calib.fits|4C51-37|17 40 37.00|+52 11 43.0|265.1542|52.1953|1006.9887|993.7474|R_30508|2458013.1094328705|180.0|21.2015|3.8196|2862.0000|2.0244
57|2017-09-16|15:45:03|AO0235+16-20170916@154441-R_30508_calib.fits|AO0235+16|02 38 38.90|+16 36 59.0|39.6621|16.6164|1016.8725|1025.4326|R_30508|2458013.156284722|180.0|21.5829|3.1164|2862.0000|1.3829
58|2017-09-16|15:48:15|AO0235+16-20170916@154815-R_30508_calib.fits|AO0235+16|02 38 38.90|+16 36 59.0|39.6621|16.6164|1016.3275|1025.4893|R_30508|2458013.1585069443|180.0|21.5683|2.8941|2862.0000|1.3665
59|2017-09-16|14:57:43|CTA102-20170916@145721-R_30508_calib.fits|CTA102|22 32 36.40|+11 43 51.0|338.1517|11.7308|1029.0623|908.1741|R_30508|2458013.123414352|180.0|20.9568|2.2205|2862.0000|1.0227
60|2017-09-16|15:00:55|CTA102-20170916@150055-R_30508_calib.fits|CTA102|22 32 36.40|+11 43 51.0|338.1517|11.7308|1029.7245|907.0198|R_30508|2458013.125636574|180.0|20.9482|2.3639|2862.0000|1.0236
61|2017-09-16|15:29:54|ES2344+514-20170916@152932-R_30508_calib.fits|ES2344+514|23 47 04.80|+51 42 18.0|356.7700|51.7050|1023.2078|1029.5807|R_30508|2458013.145763889|180.0|21.4886|2.9203|2862.0000|1.1414
62|2017-09-16|15:33:06|ES2344+514-20170916@153306-R_30508_calib.fits|ES2344+514|23 47 04.80|+51 42 18.0|356.7700|51.7050|1023.6607|1032.8857|R_30508|2458013.147986111|180.0|21.4811|2.6788|2862.0000|1.1402
63|2017-09-16|15:21:18|L-Lacertae-20170916@152056-R_30508_calib.fits|L-Lacertae|22 02 43.30|+42 16 40.0|330.6804|42.2778|1058.0175|980.9973|R_30508|2458013.1397916665|180.0|21.2546|2.7898|2862.0000|1.0905
64|2017-09-16|15:24:31|L-Lacertae-20170916@152431-R_30508_calib.fits|L-Lacertae|22 02 43.30|+42 16 40.0|330.6804|42.2778|1059.3635|979.2945|R_30508|2458013.142025463|180.0|21.2512|2.4941|2862.0000|1.0939
65|2017-09-16|14:27:02|Mkn501-20170916@142640-R_30508_calib.fits|Mkn501|16 53 52.20|+39 45 37.0|253.4675|39.7603|1023.5048|1021.6237|R_30508|2458013.1021064813|180.0|21.0030|4.6030|2862.0000|2.6830
66|2017-09-16|14:30:14|Mkn501-20170916@143014-R_30508_calib.fits|Mkn501|16 53 52.20|+39 45 37.0|253.4675|39.7603|1025.4187|1021.3735|R_30508|2458013.1043287036|180.0|20.9886|4.2830|2862.0000|2.7544
67|2017-09-16|14:50:11|PKS2155-304-20170916@144949-R_30508_calib.fits|PKS2155-304|21 58 52.00|-30 13 32.0|329.7167|-30.2256|1026.3761|1020.8474|R_30508|2458013.1181828706|180.0|20.9960|3.7040|2862.0000|1.7171
68|2017-09-16|14:53:22|PKS2155-304-20170916@145322-R_30508_calib.fits|PKS2155-304|21 58 52.00|-30 13 32.0|329.7167|-30.2256|1029.1325|1018.3710|R_30508|2458013.1203935184|180.0|20.9964|3.5732|2862.0000|1.7230
69|2017-09-16|16:31:18|PKS2155-304-20170916@163056-R_30508_calib.fits|PKS2155-304|21 58 52.00|-30 13 32.0|329.7167|-30.2256|1025.6170|1020.1209|R_30508|2458013.188402778|180.0|20.8089|4.4756|2862.0000|2.2278
70|2017-09-16|16:34:30|PKS2155-304-20170916@163430-R_30508_calib.fits|PKS2155-304|21 58 52.00|-30 13 32.0|329.7167|-30.2256|1027.6991|1018.5406|R_30508|2458013.190625|180.0|20.8449|4.1666|2862.0000|2.2605
71|2017-09-17|18:28:27|3C454-3-20170917@182827-R_30508_calib.fits|3C454-3|22 53 57.70|+16 08 54.0|343.4904|16.1483|1022.7008|1010.0525|R_30508|2458014.2697569444|180.0|20.5231|2.2658|2862.0000|1.5264
72|2017-09-17|18:31:38|3C454-3-20170917@183138-R_30508_calib.fits|3C454-3|22 53 57.70|+16 08 54.0|343.4904|16.1483|1023.5608|1011.3983|R_30508|2458014.2719675926|180.0|20.5224|2.1712|2862.0000|1.5495
73|2017-09-17|18:50:59|3C66A-20170917@185037-R_30508_calib.fits|3C66A|02 22 39.60|+43 02 08.0|35.6650|43.0356|977.2367|1120.1759|R_30508|2458014.2854050924|180.0|21.4344|1.8131|2862.0000|1.0650
74|2017-09-17|18:54:12|3C66A-20170917@185411-R_30508_calib.fits|3C66A|02 22 39.60|+43 02 08.0|35.6650|43.0356|977.8975|1119.5335|R_30508|2458014.2876388887|180.0|21.4438|1.9152|2862.0000|1.0661
75|2017-09-17|19:22:35|4C71-07-20170917@192214-R_30508_calib.fits|4C71-07|08 41 24.30|+70 53 42.0|130.3512|70.8950|1027.8101|953.1301|R_30508|2458014.307349537|180.0|21.3544|2.6011|2862.0000|2.3685
76|2017-09-17|19:25:47|4C71-07-20170917@192547-R_30508_calib.fits|4C71-07|08 41 24.30|+70 53 42.0|130.3512|70.8950|1029.3588|954.1493|R_30508|2458014.3095717593|180.0|21.3724|2.4796|2862.0000|2.3457
77|2017-09-17|18:58:58|AO0235+16-20170917@185836-R_30508_calib.fits|AO0235+16|02 38 38.90|+16 36 59.0|39.6621|16.6164|992.4267|1054.7406|R_30508|2458014.290949074|180.0|21.5778|1.9976|2862.0000|1.0086
78|2017-09-17|19:02:10|AO0235+16-20170917@190210-R_30508_calib.fits|AO0235+16|02 38 38.90|+16 36 59.0|39.6621|16.6164|994.0425|1053.1081|R_30508|2458014.2931712964|180.0|21.5753|2.0633|2862.0000|1.0094
79|2017-09-17|18:21:56|CTA102-20170917@182134-R_30508_calib.fits|CTA102|22 32 36.40|+11 43 51.0|338.1517|11.7308|1023.9643|1022.4434|R_30508|2458014.2652314813|180.0|20.8721|2.2374|2862.0000|1.6970
80|2017-09-17|18:25:09|CTA102-20170917@182509-R_30508_calib.fits|CTA102|22 32 36.40|+11 43 51.0|338.1517|11.7308|1025.1803|1023.0332|R_30508|2458014.2674652776|180.0|20.8807|2.3339|2862.0000|1.7279
81|2017-09-17|18:43:17|ES2344+514-20170917@184255-R_30508_calib.fits|ES2344+514|23 47 04.80|+51 42 18.0|356.7700|51.7050|1002.6017|998.2673|R_30508|2458014.2800578703|180.0|21.4622|2.2054|2862.0000|1.3651
82|2017-09-17|18:46:29|ES2344+514-20170917@184629-R_30508_calib.fits|ES2344+514|23 47 04.80|+51 42 18.0|356.7700|51.7050|1002.1430|998.7732|R_30508|2458014.2822800926|180.0|21.4522|2.0876|2862.0000|1.3754
83|2017-09-17|18:35:52|L-Lacertae-20170917@183530-R_30508_calib.fits|L-Lacertae|22 02 43.30|+42 16 40.0|330.6804|42.2778|1046.2219|984.3609|R_30508|2458014.2749074074|180.0|21.1857|2.3013|2862.0000|1.8582
84|2017-09-17|18:39:05|L-Lacertae-20170917@183905-R_30508_calib.fits|L-Lacertae|22 02 43.30|+42 16 40.0|330.6804|42.2778|1046.7641|985.1616|R_30508|2458014.2771412036|180.0|21.1882|2.3044|2862.0000|1.8892
85|2017-09-17|19:14:57|PKS0735+17-20170917@191435-R_30508_calib.fits|PKS0735+17|07 38 07.40|+17 42 19.0|114.5308|17.7053|1022.2139|1020.5445|R_30508|2458014.302048611|180.0|21.2514|2.5618|2862.0000|2.1866
86|2017-09-17|19:18:09|PKS0735+17-20170917@191809-R_30508_calib.fits|PKS0735+17|07 38 07.40|+17 42 19.0|114.5308|17.7053|1023.2805|1020.3703|R_30508|2458014.3042708333|180.0|21.2619|2.5602|2862.0000|2.1346
87|2017-09-17|19:07:07|S5_0716+71-20170917@190646-R_30508_calib.fits|S5_0716+71|07 21 53.40|+71 20 36.0|110.4725|71.3433|1023.5167|1025.9231|R_30508|2458014.2966087963|180.0|21.3682|2.3569|2862.0000|2.0019
88|2017-09-17|19:10:19|S5_0716+71-20170917@191019-R_30508_calib.fits|S5_0716+71|07 21 53.40|+71 20 36.0|110.4725|71.3433|1024.7022|1026.7424|R_30508|2458014.2988310186|180.0|21.3645|2.3215|2862.0000|1.9872
89|2017-09-22|19:58:19|3C66A-20170922@195757-R_30508_calib.fits|3C66A|02 22 39.60|+43 02 08.0|35.6650|43.0356|928.6903|1143.2669|R_30508|2458019.332164352|180.0|21.4131|3.0217|2862.0000|1.1516
90|2017-09-22|20:01:45|3C66A-20170922@200145-R_30508_calib.fits|3C66A|02 22 39.60|+43 02 08.0|35.6650|43.0356|930.7472|1139.4618|R_30508|2458019.334548611|180.0|21.4225|3.0977|2862.0000|1.1578
91|2017-09-22|20:06:24|AO0235+16-20170922@200602-R_30508_calib.fits|AO0235+16|02 38 38.90|+16 36 59.0|39.6621|16.6164|1076.8742|849.5527|R_30508|2458019.3377777776|180.0|21.5179|3.3240|2862.0000|1.0999
92|2017-09-22|20:09:36|AO0235+16-20170922@200935-R_30508_calib.fits|AO0235+16|02 38 38.90|+16 36 59.0|39.6621|16.6164|1079.1051|845.2882|R_30508|2458019.34|180.0|21.4663|3.3837|2862.0000|1.1065
93|2017-09-22|19:50:22|ES2344+514-20170922@195000-R_30508_calib.fits|ES2344+514|23 47 04.80|+51 42 18.0|356.7700|51.7050|1086.0459|854.3884|R_30508|2458019.3266435186|180.0|21.3565|3.6011|2862.0000|1.7819
94|2017-09-22|19:53:35|ES2344+514-20170922@195335-R_30508_calib.fits|ES2344+514|23 47 04.80|+51 42 18.0|356.7700|51.7050|1089.4901|850.5702|R_30508|2458019.328877315|180.0|21.3611|3.5841|2862.0000|1.8052
95|2017-09-22|20:35:21|OJ248-20170922@203459-R_30508_calib.fits|OJ248|08 30 52.10|+24 11 00.0|127.7171|24.1833|1019.0732|978.5577|R_30508|2458019.3578819446|180.0|20.6979|4.8158|2862.0000|1.5706
96|2017-09-22|20:38:33|OJ248-20170922@203832-R_30508_calib.fits|OJ248|08 30 52.10|+24 11 00.0|127.7171|24.1833|1020.2627|985.6776|R_30508|2458019.3601041664|180.0|20.8027|4.8341|2862.0000|1.5471
97|2017-09-22|20:42:15|OJ287-20170922@204214-R_30508_calib.fits|OJ287|08 54 48.90|+20 06 31.0|133.7037|20.1086|1007.3534|959.2296|R_30508|2458019.362673611|180.0|21.1606|4.5060|2862.0000|1.7526
98|2017-09-22|20:45:25|OJ287-20170922@204525-R_30508_calib.fits|OJ287|08 54 48.90|+20 06 31.0|133.7037|20.1086|1008.8025|966.4165|R_30508|2458019.364872685|180.0|21.3086|4.3540|2862.0000|1.7211
99|2017-09-22|20:49:56|OJ49-20170922@204934-R_30508_calib.fits|OJ49|08 31 48.90|+04 29 39.0|127.9537|4.4942|996.4861|934.8343|R_30508|2458019.3680092595|180.0|20.6080|4.3987|2862.0000|1.6867
100|2017-09-22|20:53:07|OJ49-20170922@205307-R_30508_calib.fits|OJ49|08 31 48.90|+04 29 39.0|127.9537|4.4942|996.4206|941.8194|R_30508|2458019.3702199073|180.0|20.6994|4.4986|2862.0000|1.6585
101|2017-09-22|20:27:10|PKS0735+17-20170922@202648-R_30508_calib.fits|PKS0735+17|07 38 07.40|+17 42 19.0|114.5308|17.7053|1021.4498|1026.7638|R_30508|2458019.352199074|180.0|21.3160|3.8582|2862.0000|1.3415
102|2017-09-22|20:30:23|PKS0735+17-20170922@203023-R_30508_calib.fits|PKS0735+17|07 38 07.40|+17 42 19.0|114.5308|17.7053|1021.1723|1033.2463|R_30508|2458019.35443287|180.0|21.3166|3.7028|2862.0000|1.3241
103|2017-09-22|20:18:28|S5_0716+71-20170922@201807-R_30508_calib.fits|S5_0716+71|07 21 53.40|+71 20 36.0|110.4725|71.3433|1018.7248|1013.6821|R_30508|2458019.3461574074|180.0|21.3299|3.6381|2862.0000|1.6938
104|2017-09-22|20:21:40|S5_0716+71-20170922@202139-R_30508_calib.fits|S5_0716+71|07 21 53.40|+71 20 36.0|110.4725|71.3433|1020.2310|1018.0487|R_30508|2458019.3483796297|180.0|21.3549|3.4002|2862.0000|1.6858
105|2017-09-23|14:23:14|3C371-20170923@142253-R_30508_calib.fits|3C371|18 06 50.70|+69 49 28.0|271.7112|69.8244|1021.0180|972.1088|R_30508|2458020.099467593|180.0|21.1286|3.0339|2862.0000|2.0351
106|2017-09-23|14:26:26|3C371-20170923@142626-R_30508_calib.fits|3C371|18 06 50.70|+69 49 28.0|271.7112|69.8244|1020.9720|971.5067|R_30508|2458020.1016898146|180.0|21.1203|3.3211|2862.0000|2.0524
107|2017-09-23|14:45:37|3C454-3-20170923@144537-R_30508_calib.fits|3C454-3|22 53 57.70|+16 08 54.0|343.4904|16.1483|1019.1650|1029.0090|R_30508|2458020.1150115742|180.0|20.5779|2.3196|2862.0000|1.0085
108|2017-09-23|14:48:49|3C454-3-20170923@144849-R_30508_calib.fits|3C454-3|22 53 57.70|+16 08 54.0|343.4904|16.1483|1019.3457|1027.4187|R_30508|2458020.1172337965|180.0|20.5723|2.4302|2862.0000|1.0091
109|2017-09-23|15:10:20|3C66A-20170923@150958-R_30508_calib.fits|3C66A|02 22 39.60|+43 02 08.0|35.6650|43.0356|1046.2382|890.0212|R_30508|2458020.132175926|180.0|21.4268|2.3770|2862.0000|1.3268
110|2017-09-23|15:13:33|3C66A-20170923@151333-R_30508_calib.fits|3C66A|02 22 39.60|+43 02 08.0|35.6650|43.0356|1045.8234|890.3941|R_30508|2458020.1344097224|180.0|21.4312|2.3760|2862.0000|1.3154
111|2017-09-23|14:15:56|4C51-37-20170923@141534-R_30508_calib.fits|4C51-37|17 40 37.00|+52 11 43.0|265.1542|52.1953|1022.1049|1022.4987|R_30508|2458020.0943981484|180.0|21.2111|3.0351|2862.0000|2.0816
112|2017-09-23|14:19:08|4C51-37-20170923@141908-R_30508_calib.fits|4C51-37|17 40 37.00|+52 11 43.0|265.1542|52.1953|1022.5571|1023.0561|R_30508|2458020.09662037|180.0|21.2075|3.1435|2862.0000|2.1149
113|2017-09-23|15:17:47|AO0235+16-20170923@151725-R_30508_calib.fits|AO0235+16|02 38 38.90|+16 36 59.0|39.6621|16.6164|1017.1661|1027.1235|R_30508|2458020.137349537|180.0|21.5570|2.2886|2862.0000|1.3816
114|2017-09-23|15:20:59|AO0235+16-20170923@152059-R_30508_calib.fits|AO0235+16|02 38 38.90|+16 36 59.0|39.6621|16.6164|1016.8412|1027.6690|R_30508|2458020.1395717594|180.0|21.5469|2.2239|2862.0000|1.3652
115|2017-09-23|14:39:08|CTA102-20170923@143847-R_30508_calib.fits|CTA102|22 32 36.40|+11 43 51.0|338.1517|11.7308|1023.3896|911.2708|R_30508|2458020.110509259|180.0|20.9313|2.4980|2862.0000|1.0257
116|2017-09-23|14:42:20|CTA102-20170923@144220-R_30508_calib.fits|CTA102|22 32 36.40|+11 43 51.0|338.1517|11.7308|1023.4889|909.8137|R_30508|2458020.1127314814|180.0|20.9410|2.4092|2862.0000|1.0271
117|2017-09-23|15:02:40|ES2344+514-20170923@150218-R_30508_calib.fits|ES2344+514|23 47 04.80|+51 42 18.0|356.7700|51.7050|1023.8131|1029.5567|R_30508|2458020.126851852|180.0|21.4746|2.9232|2862.0000|1.1413
118|2017-09-23|15:05:52|ES2344+514-20170923@150552-R_30508_calib.fits|ES2344+514|23 47 04.80|+51 42 18.0|356.7700|51.7050|1024.0609|1033.1448|R_30508|2458020.129074074|180.0|21.4736|2.6438|2862.0000|1.1401
119|2017-09-23|14:54:02|L-Lacertae-20170923@145340-R_30508_calib.fits|L-Lacertae|22 02 43.30|+42 16 40.0|330.6804|42.2778|1054.8894|985.7347|R_30508|2458020.1208564816|180.0|21.2538|2.5923|2862.0000|1.0907
120|2017-09-23|14:57:15|L-Lacertae-20170923@145715-R_30508_calib.fits|L-Lacertae|22 02 43.30|+42 16 40.0|330.6804|42.2778|1054.8751|983.4874|R_30508|2458020.123090278|180.0|21.2521|2.7313|2862.0000|1.0941
121|2017-09-23|14:08:22|Mkn501-20170923@140801-R_30508_calib.fits|Mkn501|16 53 52.20|+39 45 37.0|253.4675|39.7603|1366.1831|898.0445|R_30508|2458020.0891435184|180.0|21.0416|3.5135|2862.0000|2.8910
122|2017-09-23|14:11:41|Mkn501-20170923@141141-R_30508_calib.fits|Mkn501|16 53 52.20|+39 45 37.0|253.4675|39.7603|1026.0716|1021.3796|R_30508|2458020.091446759|180.0|20.9986|3.3453|2862.0000|2.9700
123|2017-09-23|14:31:38|PKS2155-304-20170923@143116-R_30508_calib.fits|PKS2155-304|21 58 52.00|-30 13 32.0|329.7167|-30.2256|1026.3948|1020.9304|R_30508|2458020.105300926|180.0|21.0193|3.0210|2862.0000|1.7350
124|2017-09-23|14:34:49|PKS2155-304-20170923@143449-R_30508_calib.fits|PKS2155-304|21 58 52.00|-30 13 32.0|329.7167|-30.2256|1028.6397|1018.4738|R_30508|2458020.107511574|180.0|21.0334|2.7786|2862.0000|1.7423
125|2017-09-24|19:17:39|3C454-3-20170924@191717-R_30508_calib.fits|3C454-3|22 53 57.70|+16 08 54.0|343.4904|16.1483|1035.6916|1135.5104|R_30508|2458021.303923611|180.0|20.3813|3.1454|2862.0000|2.5129
126|2017-09-24|19:20:50|3C454-3-20170924@192050-R_30508_calib.fits|3C454-3|22 53 57.70|+16 08 54.0|343.4904|16.1483|1038.5951|1134.4463|R_30508|2458021.3061342593|180.0|20.3671|2.7314|2862.0000|2.5879
127|2017-09-24|19:32:39|3C66A-20170924@193217-R_30508_calib.fits|3C66A|02 22 39.60|+43 02 08.0|35.6650|43.0356|992.3420|1066.8333|R_30508|2458021.3143402776|180.0|21.4135|1.9495|2862.0000|1.1233
128|2017-09-24|19:35:50|3C66A-20170924@193549-R_30508_calib.fits|3C66A|02 22 39.60|+43 02 08.0|35.6650|43.0356|992.6596|1065.8600|R_30508|2458021.316550926|180.0|21.4174|2.1216|2862.0000|1.1280
129|2017-09-24|20:25:31|4C71-07-20170924@202510-R_30508_calib.fits|4C71-07|08 41 24.30|+70 53 42.0|130.3512|70.8950|1042.8628|987.6130|R_30508|2458021.3510532407|180.0|21.3854|2.9276|2862.0000|1.8758
130|2017-09-24|20:28:42|4C71-07-20170924@202842-R_30508_calib.fits|4C71-07|08 41 24.30|+70 53 42.0|130.3512|70.8950|1044.1060|989.4209|R_30508|2458021.353263889|180.0|21.3931|2.7270|2862.0000|1.8632
131|2017-09-24|19:40:34|AO0235+16-20170924@194013-R_30508_calib.fits|AO0235+16|02 38 38.90|+16 36 59.0|39.6621|16.6164|987.2558|1076.8125|R_30508|2458021.3198379627|180.0|21.5716|2.1427|2862.0000|1.0679
132|2017-09-24|19:43:46|AO0235+16-20170924@194346-R_30508_calib.fits|AO0235+16|02 38 38.90|+16 36 59.0|39.6621|16.6164|988.3011|1075.4344|R_30508|2458021.322060185|180.0|21.5640|2.1010|2862.0000|1.0730
133|2017-09-24|19:25:11|ES2344+514-20170924@192450-R_30508_calib.fits|ES2344+514|23 47 04.80|+51 42 18.0|356.7700|51.7050|1017.8084|969.0379|R_30508|2458021.3091550926|180.0|21.4147|2.5051|2862.0000|1.6685
134|2017-09-24|19:28:23|ES2344+514-20170924@192823-R_30508_calib.fits|ES2344+514|23 47 04.80|+51 42 18.0|356.7700|51.7050|1018.1400|969.7544|R_30508|2458021.311377315|180.0|21.4136|2.4332|2862.0000|1.6880
135|2017-09-24|20:04:06|OJ248-20170924@200344-R_30508_calib.fits|OJ248|08 30 52.10|+24 11 00.0|127.7171|24.1833|1011.7537|1011.5369|R_30508|2458021.3361805556|180.0|20.7835|3.0153|2862.0000|1.7730
136|2017-09-24|20:07:17|OJ248-20170924@200717-R_30508_calib.fits|OJ248|08 30 52.10|+24 11 00.0|127.7171|24.1833|1012.6507|1011.3598|R_30508|2458021.338391204|180.0|20.7970|3.8667|2862.0000|1.7412
137|2017-09-24|20:10:35|OJ287-20170924@201034-R_30508_calib.fits|OJ287|08 54 48.90|+20 06 31.0|133.7037|20.1086|1010.8094|1018.5416|R_30508|2458021.3406828702|180.0|21.2076|3.1932|2862.0000|2.0361
138|2017-09-24|20:13:45|OJ287-20170924@201345-R_30508_calib.fits|OJ287|08 54 48.90|+20 06 31.0|133.7037|20.1086|1012.0279|1018.1049|R_30508|2458021.3428819445|180.0|21.2989|3.2116|2862.0000|1.9916
139|2017-09-24|20:17:50|OJ49-20170924@201728-R_30508_calib.fits|OJ49|08 31 48.90|+04 29 39.0|127.9537|4.4942|1016.0761|1030.1541|R_30508|2458021.3457175926|180.0|20.6089|3.0750|2862.0000|1.9458
140|2017-09-24|20:21:02|OJ49-20170924@202101-R_30508_calib.fits|OJ49|08 31 48.90|+04 29 39.0|127.9537|4.4942|1017.0344|1029.6270|R_30508|2458021.347939815|180.0|20.7248|3.1520|2862.0000|1.9056
141|2017-09-24|19:56:51|PKS0735+17-20170924@195629-R_30508_calib.fits|PKS0735+17|07 38 07.40|+17 42 19.0|114.5308|17.7053|1022.4093|1021.7692|R_30508|2458021.3311458332|180.0|21.2971|2.6268|2862.0000|1.4650
142|2017-09-24|20:00:03|PKS0735+17-20170924@200003-R_30508_calib.fits|PKS0735+17|07 38 07.40|+17 42 19.0|114.5308|17.7053|1022.7304|1021.7503|R_30508|2458021.3333680555|180.0|21.3007|2.6803|2862.0000|1.4452
143|2017-09-24|20:32:06|S4_0954+65-20170924@203206-R_30508_calib.fits|S4_0954+65|09 58 47.20|+65 33 55.0|149.6967|65.5653|1023.8477|960.1039|R_30508|2458021.355625|180.0|20.7306|2.6234|2862.0000|2.2075
144|2017-09-24|20:35:16|S4_0954+65-20170924@203516-R_30508_calib.fits|S4_0954+65|09 58 47.20|+65 33 55.0|149.6967|65.5653|1024.4107|960.9017|R_30508|2458021.357824074|180.0|20.7307|2.6750|2862.0000|2.1828
145|2017-09-24|19:48:56|S5_0716+71-20170924@194835-R_30508_calib.fits|S5_0716+71|07 21 53.40|+71 20 36.0|110.4725|71.3433|1024.2259|1027.2079|R_30508|2458021.325648148|180.0|21.4007|2.6964|2862.0000|1.7461
146|2017-09-24|19:52:07|S5_0716+71-20170924@195207-R_30508_calib.fits|S5_0716+71|07 21 53.40|+71 20 36.0|110.4725|71.3433|1025.3185|1028.5317|R_30508|2458021.3278587963|180.0|21.3991|2.4987|2862.0000|1.7369
147|2017-09-25|12:21:38|3C345-20170925@122138-R_30508_calib.fits|3C345|16 42 58.80|+39 48 37.0|250.7450|39.8103|1017.5610|1008.5247|R_30508|2458022.015023148|180.0|19.8377|2.9880|2862.0000|1.6643
148|2017-09-25|12:24:49|3C345-20170925@122449-R_30508_calib.fits|3C345|16 42 58.80|+39 48 37.0|250.7450|39.8103|1017.7374|1010.3321|R_30508|2458022.0172337964|180.0|19.9409|3.0005|2862.0000|1.6886
149|2017-09-25|12:36:14|3C371-20170925@123552-R_30508_calib.fits|3C371|18 06 50.70|+69 49 28.0|271.7112|69.8244|1017.0868|989.8645|R_30508|2458022.025162037|180.0|21.0296|2.9549|2862.0000|1.6561
150|2017-09-25|12:39:25|3C371-20170925@123925-R_30508_calib.fits|3C371|18 06 50.70|+69 49 28.0|271.7112|69.8244|1017.0048|989.4949|R_30508|2458022.0273726853|180.0|20.7004|2.9259|2862.0000|1.6646
151|2017-09-25|12:58:47|3C454-3-20170925@125847-R_30508_calib.fits|3C454-3|22 53 57.70|+16 08 54.0|343.4904|16.1483|1026.0484|1012.9792|R_30508|2458022.040821759|180.0|20.4622|2.6936|2862.0000|1.0831
152|2017-09-25|13:01:58|3C454-3-20170925@130158-R_30508_calib.fits|3C454-3|22 53 57.70|+16 08 54.0|343.4904|16.1483|1026.1801|1015.6530|R_30508|2458022.0430324073|180.0|20.4668|2.8054|2862.0000|1.0776
153|2017-09-25|13:22:06|3C66A-20170925@132144-R_30508_calib.fits|3C66A|02 22 39.60|+43 02 08.0|35.6650|43.0356|1003.4156|952.8278|R_30508|2458022.057013889|180.0|18.9122|2.7505|2862.0000|1.9571
154|2017-09-25|13:25:18|3C66A-20170925@132518-R_30508_calib.fits|3C66A|02 22 39.60|+43 02 08.0|35.6650|43.0356|1003.8179|952.2633|R_30508|2458022.059236111|180.0|19.6013|2.8213|2862.0000|1.9239
155|2017-09-25|12:08:42|4C38-41-20170925@120842-R_30508_calib.fits|4C38-41|16 35 15.50|+38 08 04.0|248.8146|38.1344|1017.6195|1007.8752|R_30508|2458022.0060416665|180.0|20.8711|3.1017|2862.0000|1.6277
156|2017-09-25|12:11:54|4C38-41-20170925@121154-R_30508_calib.fits|4C38-41|16 35 15.50|+38 08 04.0|248.8146|38.1344|1018.2502|1009.3561|R_30508|2458022.008263889|180.0|20.8835|2.9361|2862.0000|1.6512
157|2017-09-25|12:28:55|4C51-37-20170925@122833-R_30508_calib.fits|4C51-37|17 40 37.00|+52 11 43.0|265.1542|52.1953|1010.0179|983.5516|R_30508|2458022.0200810186|180.0|21.0734|3.0531|2862.0000|1.4485
158|2017-09-25|12:32:06|4C51-37-20170925@123206-R_30508_calib.fits|4C51-37|17 40 37.00|+52 11 43.0|265.1542|52.1953|1009.6218|984.4171|R_30508|2458022.022291667|180.0|21.0903|2.8899|2862.0000|1.4610
159|2017-09-25|13:29:57|AO0235+16-20170925@132935-R_30508_calib.fits|AO0235+16|02 38 38.90|+16 36 59.0|39.6621|16.6164|1021.6849|1020.3736|R_30508|2458022.062465278|180.0|18.4972|3.1946|2862.0000|2.5037
160|2017-09-25|13:33:08|AO0235+16-20170925@133308-R_30508_calib.fits|AO0235+16|02 38 38.90|+16 36 59.0|39.6621|16.6164|1022.3747|1020.4674|R_30508|2458022.0646759258|180.0|18.8523|3.5914|2862.0000|2.4338
161|2017-09-25|12:52:18|CTA102-20170925@125157-R_30508_calib.fits|CTA102|22 32 36.40|+11 43 51.0|338.1517|11.7308|1052.8395|947.9947|R_30508|2458022.0363194444|180.0|20.7641|3.1227|2862.0000|1.0752
162|2017-09-25|12:55:30|CTA102-20170925@125530-R_30508_calib.fits|CTA102|22 32 36.40|+11 43 51.0|338.1517|11.7308|1053.1903|950.7175|R_30508|2458022.0385416667|180.0|20.7702|3.1469|2862.0000|1.0706
163|2017-09-25|12:02:13|DA406-20170925@120152-R_30508_calib.fits|DA406|16 13 41.00|+34 12 48.0|243.4208|34.2133|1103.6059|900.9354|R_30508|2458022.001539352|180.0|20.9846|2.8418|2862.0000|1.7625
164|2017-09-25|12:05:25|DA406-20170925@120525-R_30508_calib.fits|DA406|16 13 41.00|+34 12 48.0|243.4208|34.2133|1103.9494|901.6032|R_30508|2458022.003761574|180.0|20.9709|3.1385|2862.0000|1.7927
165|2017-09-25|13:14:36|ES2344+514-20170925@131414-R_30508_calib.fits|ES2344+514|23 47 04.80|+51 42 18.0|356.7700|51.7050|1038.2241|957.6406|R_30508|2458022.0518055554|180.0|21.0752|2.6803|2862.0000|1.2601
166|2017-09-25|13:17:49|ES2344+514-20170925@131749-R_30508_calib.fits|ES2344+514|23 47 04.80|+51 42 18.0|356.7700|51.7050|1038.3266|958.8585|R_30508|2458022.0540393516|180.0|21.2957|2.6715|2862.0000|1.2535
167|2017-09-25|13:07:04|L-Lacertae-20170925@130642-R_30508_calib.fits|L-Lacertae|22 02 43.30|+42 16 40.0|330.6804|42.2778|995.4940|1101.6560|R_30508|2458022.046574074|180.0|21.1681|3.0282|2862.0000|1.0640
168|2017-09-25|13:10:16|L-Lacertae-20170925@131016-R_30508_calib.fits|L-Lacertae|22 02 43.30|+42 16 40.0|330.6804|42.2778|995.4801|1105.2361|R_30508|2458022.048796296|180.0|21.1807|2.9869|2862.0000|1.0626
169|2017-09-25|12:15:11|Mkn501-20170925@121511-R_30508_calib.fits|Mkn501|16 53 52.20|+39 45 37.0|253.4675|39.7603|1015.2844|1002.5046|R_30508|2458022.0105439816|180.0|21.0571|2.7799|2862.0000|1.5474
170|2017-09-25|12:18:23|Mkn501-20170925@121823-R_30508_calib.fits|Mkn501|16 53 52.20|+39 45 37.0|253.4675|39.7603|1015.6606|1004.3172|R_30508|2458022.012766204|180.0|20.9991|2.7974|2862.0000|1.5676
171|2017-09-25|12:44:47|PKS2155-304-20170925@124425-R_30508_calib.fits|PKS2155-304|21 58 52.00|-30 13 32.0|329.7167|-30.2256|1020.1902|1024.4462|R_30508|2458022.031099537|180.0|20.4312|3.7131|2862.0000|1.7382
172|2017-09-25|12:47:58|PKS2155-304-20170925@124758-R_30508_calib.fits|PKS2155-304|21 58 52.00|-30 13 32.0|329.7167|-30.2256|1018.3184|1027.1689|R_30508|2458022.033310185|180.0|20.9221|3.7981|2862.0000|1.7312
173|2017-09-26|20:14:01|3C66A-20170926@201339-R_30508_calib.fits|3C66A|02 22 39.60|+43 02 08.0|35.6650|43.0356|1041.5386|997.6712|R_30508|2458023.3430671296|180.0|21.3757|2.5413|2862.0000|1.2184
174|2017-09-26|20:17:13|3C66A-20170926@201713-R_30508_calib.fits|3C66A|02 22 39.60|+43 02 08.0|35.6650|43.0356|1041.5670|999.5992|R_30508|2458023.345289352|180.0|21.3762|2.5350|2862.0000|1.2267
175|2017-09-26|20:21:40|AO0235+16-20170926@202118-R_30508_calib.fits|AO0235+16|02 38 38.90|+16 36 59.0|39.6621|16.6164|981.7329|1083.1234|R_30508|2458023.3483796297|180.0|21.5520|2.2986|2862.0000|1.1740
176|2017-09-26|20:24:51|AO0235+16-20170926@202451-R_30508_calib.fits|AO0235+16|02 38 38.90|+16 36 59.0|39.6621|16.6164|981.8551|1084.7557|R_30508|2458023.350590278|180.0|21.5367|2.4273|2862.0000|1.1835
177|2017-09-26|19:55:47|ES2344+514-20170926@195525-R_30508_calib.fits|ES2344+514|23 47 04.80|+51 42 18.0|356.7700|51.7050|1012.0051|1074.5994|R_30508|2458023.330405093|180.0|21.3424|3.1221|2862.0000|1.9460
178|2017-09-26|19:58:59|ES2344+514-20170926@195859-R_30508_calib.fits|ES2344+514|23 47 04.80|+51 42 18.0|356.7700|51.7050|1011.2120|1076.8505|R_30508|2458023.3326273146|180.0|21.3342|3.0587|2862.0000|1.9748
179|2017-09-26|20:53:43|OJ248-20170926@205321-R_30508_calib.fits|OJ248|08 30 52.10|+24 11 00.0|127.7171|24.1833|1025.4585|1034.5987|R_30508|2458023.370636574|180.0|20.8357|2.5105|2862.0000|1.3625
180|2017-09-26|20:46:28|PKS0735+17-20170926@204606-R_30508_calib.fits|PKS0735+17|07 38 07.40|+17 42 19.0|114.5308|17.7053|1021.9265|1021.1284|R_30508|2458023.365601852|180.0|21.3039|2.4694|2862.0000|1.2029
181|2017-09-26|20:49:40|PKS0735+17-20170926@204940-R_30508_calib.fits|PKS0735+17|07 38 07.40|+17 42 19.0|114.5308|17.7053|1021.0109|1019.7586|R_30508|2458023.367824074|180.0|21.3048|2.4713|2862.0000|1.1927
182|2017-09-26|20:38:23|S5_0716+71-20170926@203801-R_30508_calib.fits|S5_0716+71|07 21 53.40|+71 20 36.0|110.4725|71.3433|1022.3167|1031.2463|R_30508|2458023.359988426|180.0|21.3475|2.7961|2862.0000|1.6127
183|2017-09-26|20:41:35|S5_0716+71-20170926@204135-R_30508_calib.fits|S5_0716+71|07 21 53.40|+71 20 36.0|110.4725|71.3433|1022.6769|1031.8950|R_30508|2458023.362210648|180.0|21.3387|2.7915|2862.0000|1.6069
184|2017-09-27|14:30:23|3C371-20170927@143001-R_30508_calib.fits|3C371|18 06 50.70|+69 49 28.0|271.7112|69.8244|1027.9922|969.2267|R_30508|2458024.10443287|180.0|21.1008|2.5066|2862.0000|2.1667
185|2017-09-27|14:33:35|3C371-20170927@143335-R_30508_calib.fits|3C371|18 06 50.70|+69 49 28.0|271.7112|69.8244|1027.4172|970.4832|R_30508|2458024.1066550924|180.0|21.0943|2.4617|2862.0000|2.1869
186|2017-09-27|14:53:51|3C454-3-20170927@145350-R_30508_calib.fits|3C454-3|22 53 57.70|+16 08 54.0|343.4904|16.1483|1022.6406|1016.7192|R_30508|2458024.1207291665|180.0|20.5505|2.7127|2862.0000|1.0167
187|2017-09-27|14:57:16|3C454-3-20170927@145716-R_30508_calib.fits|3C454-3|22 53 57.70|+16 08 54.0|343.4904|16.1483|1023.1676|1016.6465|R_30508|2458024.123101852|180.0|20.5554|2.8210|2862.0000|1.0188
188|2017-09-27|15:47:18|3C66A-20170927@154657-R_30508_calib.fits|3C66A|02 22 39.60|+43 02 08.0|35.6650|43.0356|1000.3080|972.8701|R_30508|2458024.1578472224|180.0|21.4160|2.3529|2862.0000|1.1801
189|2017-09-27|15:50:30|3C66A-20170927@155030-R_30508_calib.fits|3C66A|02 22 39.60|+43 02 08.0|35.6650|43.0356|999.7955|972.7954|R_30508|2458024.160069444|180.0|21.4113|2.4087|2862.0000|1.1735
190|2017-09-27|14:22:38|4C51-37-20170927@142216-R_30508_calib.fits|4C51-37|17 40 37.00|+52 11 43.0|265.1542|52.1953|1012.8904|1038.9464|R_30508|2458024.099050926|180.0|21.1584|2.5149|2862.0000|2.3405
191|2017-09-27|14:25:50|4C51-37-20170927@142550-R_30508_calib.fits|4C51-37|17 40 37.00|+52 11 43.0|265.1542|52.1953|1012.9781|1040.2803|R_30508|2458024.1012731483|180.0|21.1587|2.6128|2862.0000|2.3834
192|2017-09-27|15:55:10|AO0235+16-20170927@155448-R_30508_calib.fits|AO0235+16|02 38 38.90|+16 36 59.0|39.6621|16.6164|1037.3750|1044.5155|R_30508|2458024.163310185|180.0|21.5489|2.6849|2862.0000|1.1723
193|2017-09-27|15:58:21|AO0235+16-20170927@155820-R_30508_calib.fits|AO0235+16|02 38 38.90|+16 36 59.0|39.6621|16.6164|1036.6282|1043.2693|R_30508|2458024.1655208333|180.0|21.5559|2.6915|2862.0000|1.1634
194|2017-09-27|14:46:54|CTA102-20170927@144633-R_30508_calib.fits|CTA102|22 32 36.40|+11 43 51.0|338.1517|11.7308|1039.5722|867.2172|R_30508|2458024.1159027778|180.0|20.9193|2.6635|2862.0000|1.0405
195|2017-09-27|14:50:06|CTA102-20170927@145006-R_30508_calib.fits|CTA102|22 32 36.40|+11 43 51.0|338.1517|11.7308|1039.3846|867.0779|R_30508|2458024.118125|180.0|20.9052|2.7524|2862.0000|1.0434
196|2017-09-27|15:25:01|ES2344+514-20170927@152439-R_30508_calib.fits|ES2344+514|23 47 04.80|+51 42 18.0|356.7700|51.7050|1012.0216|1026.5425|R_30508|2458024.142372685|180.0|21.4563|2.3023|2862.0000|1.1366
197|2017-09-27|15:28:26|ES2344+514-20170927@152825-R_30508_calib.fits|ES2344+514|23 47 04.80|+51 42 18.0|356.7700|51.7050|1012.0920|1026.1288|R_30508|2458024.1447453704|180.0|21.4560|2.5057|2862.0000|1.1371
198|2017-09-27|15:17:12|L-Lacertae-20170927@151650-R_30508_calib.fits|L-Lacertae|22 02 43.30|+42 16 40.0|330.6804|42.2778|1022.3012|1024.2377|R_30508|2458024.1369444444|180.0|21.2214|2.4543|2862.0000|1.1440
199|2017-09-27|15:20:24|L-Lacertae-20170927@152024-R_30508_calib.fits|L-Lacertae|22 02 43.30|+42 16 40.0|330.6804|42.2778|1022.1649|1024.7535|R_30508|2458024.1391666667|180.0|21.2243|2.2993|2862.0000|1.1497
200|2017-09-27|14:38:55|PKS2155-304-20170927@143833-R_30508_calib.fits|PKS2155-304|21 58 52.00|-30 13 32.0|329.7167|-30.2256|980.2499|1242.1961|R_30508|2458024.110358796|180.0|20.9586|3.3589|2862.0000|1.7987
201|2017-09-27|14:42:07|PKS2155-304-20170927@144207-R_30508_calib.fits|PKS2155-304|21 58 52.00|-30 13 32.0|329.7167|-30.2256|982.1251|1241.0027|R_30508|2458024.1125810184|180.0|20.9547|3.1773|2862.0000|1.8101
202|2017-09-28|16:27:00|3C454-3-20170928@162659-R_30508_calib.fits|3C454-3|22 53 57.70|+16 08 54.0|343.4904|16.1483|1027.1179|1005.0339|R_30508|2458025.185416667|180.0|20.4894|2.2967|2862.0000|1.1685
203|2017-09-28|16:30:11|3C454-3-20170928@163011-R_30508_calib.fits|3C454-3|22 53 57.70|+16 08 54.0|343.4904|16.1483|1026.8095|1007.0622|R_30508|2458025.1876273146|180.0|20.4912|2.2857|2862.0000|1.1777
204|2017-09-28|16:52:01|3C66A-20170928@165139-R_30508_calib.fits|3C66A|02 22 39.60|+43 02 08.0|35.6650|43.0356|1022.3923|1025.6267|R_30508|2458025.202789352|180.0|21.3439|2.1150|2862.0000|1.0833
205|2017-09-28|16:55:13|3C66A-20170928@165513-R_30508_calib.fits|3C66A|02 22 39.60|+43 02 08.0|35.6650|43.0356|1022.2559|1026.5030|R_30508|2458025.205011574|180.0|21.3386|2.1716|2862.0000|1.0808
206|2017-09-28|17:00:18|AO0235+16-20170928@165956-R_30508_calib.fits|AO0235+16|02 38 38.90|+16 36 59.0|39.6621|16.6164|1052.4438|1037.9212|R_30508|2458025.2085416666|180.0|21.4759|2.4069|2862.0000|1.0405
207|2017-09-28|17:03:30|AO0235+16-20170928@170329-R_30508_calib.fits|AO0235+16|02 38 38.90|+16 36 59.0|39.6621|16.6164|1051.4256|1039.1282|R_30508|2458025.210763889|180.0|21.4854|2.3387|2862.0000|1.0366
208|2017-09-28|16:20:04|CTA102-20170928@161943-R_30508_calib.fits|CTA102|22 32 36.40|+11 43 51.0|338.1517|11.7308|1019.8718|911.6398|R_30508|2458025.180601852|180.0|20.8505|2.4395|2862.0000|1.2365
209|2017-09-28|16:23:16|CTA102-20170928@162315-R_30508_calib.fits|CTA102|22 32 36.40|+11 43 51.0|338.1517|11.7308|1019.9065|913.6608|R_30508|2458025.1828240743|180.0|20.8439|2.1944|2862.0000|1.2481
210|2017-09-28|16:42:35|ES2344+514-20170928@164213-R_30508_calib.fits|ES2344+514|23 47 04.80|+51 42 18.0|356.7700|51.7050|1039.2997|969.2627|R_30508|2458025.196238426|180.0|21.3771|2.2222|2862.0000|1.1968
211|2017-09-28|16:45:48|ES2344+514-20170928@164548-R_30508_calib.fits|ES2344+514|23 47 04.80|+51 42 18.0|356.7700|51.7050|1039.1253|969.5701|R_30508|2458025.1984722223|180.0|21.3646|2.1280|2862.0000|1.2014
212|2017-09-28|16:34:48|L-Lacertae-20170928@163426-R_30508_calib.fits|L-Lacertae|22 02 43.30|+42 16 40.0|330.6804|42.2778|1045.5019|998.6793|R_30508|2458025.1908333334|180.0|21.1304|2.4152|2862.0000|1.3700
213|2017-09-28|16:38:00|L-Lacertae-20170928@163800-R_30508_calib.fits|L-Lacertae|22 02 43.30|+42 16 40.0|330.6804|42.2778|1044.5109|1001.0348|R_30508|2458025.1930555557|180.0|21.1178|2.5021|2862.0000|1.3834
214|2017-09-28|16:07:53|PKS2155-304-20170928@160731-R_30508_calib.fits|PKS2155-304|21 58 52.00|-30 13 32.0|329.7167|-30.2256|995.4795|1221.1321|R_30508|2458025.1721412037|180.0|20.5717|2.8478|2862.0000|2.5089
215|2017-09-28|16:11:46|PKS2155-304-20170928@161125-R_30508_calib.fits|PKS2155-304|21 58 52.00|-30 13 32.0|329.7167|-30.2256|998.4462|1220.2064|R_30508|2458025.174837963|180.0|19.9074|2.4219|2862.0000|2.5671
216|2017-09-28|17:17:34|S5_0716+71-20170928@171712-R_30508_calib.fits|S5_0716+71|07 21 53.40|+71 20 36.0|110.4725|71.3433|1039.1313|993.8243|R_30508|2458025.2205324075|180.0|21.0319|2.7557|2862.0000|2.3880
217|2017-09-28|17:21:21|S5_0716+71-20170928@172100-R_30508_calib.fits|S5_0716+71|07 21 53.40|+71 20 36.0|110.4725|71.3433|1038.2932|992.7585|R_30508|2458025.223159722|180.0|21.0425|2.7763|2862.0000|2.3609
218|2017-09-30|19:48:54|3C66A-20170930@194833-R_30508_calib.fits|3C66A|02 22 39.60|+43 02 08.0|35.6650|43.0356|1044.0887|939.0982|R_30508|2458027.325625|180.0|21.3742|2.5586|2862.0000|1.1962
219|2017-09-30|19:52:07|3C66A-20170930@195206-R_30508_calib.fits|3C66A|02 22 39.60|+43 02 08.0|35.6650|43.0356|1043.6528|941.1281|R_30508|2458027.3278587963|180.0|21.3777|2.5501|2862.0000|1.2037
220|2017-09-30|19:56:46|AO0235+16-20170930@195624-R_30508_calib.fits|AO0235+16|02 38 38.90|+16 36 59.0|39.6621|16.6164|981.0365|1092.2807|R_30508|2458027.331087963|180.0|21.5400|2.3183|2862.0000|1.1490
221|2017-09-30|19:59:57|AO0235+16-20170930@195957-R_30508_calib.fits|AO0235+16|02 38 38.90|+16 36 59.0|39.6621|16.6164|981.6681|1094.2244|R_30508|2458027.333298611|180.0|21.5437|2.3261|2862.0000|1.1575
222|2017-09-30|19:41:01|ES2344+514-20170930@194039-R_30508_calib.fits|ES2344+514|23 47 04.80|+51 42 18.0|356.7700|51.7050|1003.3150|1087.6006|R_30508|2458027.320150463|180.0|21.3526|2.8913|2862.0000|1.9543
223|2017-09-30|19:44:14|ES2344+514-20170930@194414-R_30508_calib.fits|ES2344+514|23 47 04.80|+51 42 18.0|356.7700|51.7050|1003.0535|1089.2114|R_30508|2458027.322384259|180.0|21.3451|3.2325|2862.0000|1.9835
224|2017-09-30|20:14:36|PKS0735+17-20170930@201414-R_30508_calib.fits|PKS0735+17|07 38 07.40|+17 42 19.0|114.5308|17.7053|1022.3416|1020.7017|R_30508|2458027.3434722223|180.0|21.2921|2.5519|2862.0000|1.2599
225|2017-09-30|20:17:48|PKS0735+17-20170930@201748-R_30508_calib.fits|PKS0735+17|07 38 07.40|+17 42 19.0|114.5308|17.7053|1021.6315|1018.9551|R_30508|2458027.3456944446|180.0|21.3016|2.4039|2862.0000|1.2477
226|2017-09-30|20:05:57|S5_0716+71-20170930@200535-R_30508_calib.fits|S5_0716+71|07 21 53.40|+71 20 36.0|110.4725|71.3433|1021.7987|1030.3384|R_30508|2458027.337465278|180.0|21.3422|2.5404|2862.0000|1.6451
227|2017-09-30|20:09:09|S5_0716+71-20170930@200909-R_30508_calib.fits|S5_0716+71|07 21 53.40|+71 20 36.0|110.4725|71.3433|1021.4708|1030.8349|R_30508|2458027.3396875|180.0|21.3581|2.4462|2862.0000|1.6384
228|2017-10-01|20:00:41|3C66A-20171001@200019-R_30508_calib.fits|3C66A|02 22 39.60|+43 02 08.0|35.6650|43.0356|1042.0985|934.1556|R_30508|2458028.3338078703|180.0|21.4110|2.4936|2862.0000|1.2348
229|2017-10-01|20:03:54|3C66A-20171001@200354-R_30508_calib.fits|3C66A|02 22 39.60|+43 02 08.0|35.6650|43.0356|1041.8546|936.4041|R_30508|2458028.3360416666|180.0|21.4033|2.3802|2862.0000|1.2436
230|2017-10-01|19:26:52|4C71-07-20171001@192631-R_30508_calib.fits|4C71-07|08 41 24.30|+70 53 42.0|130.3512|70.8950|1039.8737|974.1077|R_30508|2458028.3103240742|180.0|21.3997|3.0219|2862.0000|2.0128
231|2017-10-01|19:30:04|4C71-07-20171001@193004-R_30508_calib.fits|4C71-07|08 41 24.30|+70 53 42.0|130.3512|70.8950|1040.2602|974.1166|R_30508|2458028.3125462965|180.0|21.3897|2.9110|2862.0000|1.9973
232|2017-10-01|20:08:32|AO0235+16-20171001@200810-R_30508_calib.fits|AO0235+16|02 38 38.90|+16 36 59.0|39.6621|16.6164|987.3744|1086.7456|R_30508|2458028.3392592594|180.0|21.5693|2.3425|2862.0000|1.1936
233|2017-10-01|20:11:44|AO0235+16-20171001@201144-R_30508_calib.fits|AO0235+16|02 38 38.90|+16 36 59.0|39.6621|16.6164|987.5669|1088.5013|R_30508|2458028.3414814817|180.0|21.5790|2.5681|2862.0000|1.2037
234|2017-10-01|19:52:47|ES2344+514-20171001@195225-R_30508_calib.fits|ES2344+514|23 47 04.80|+51 42 18.0|356.7700|51.7050|1011.3376|1091.7946|R_30508|2458028.328321759|180.0|21.3752|3.0066|2862.0000|2.1055
235|2017-10-01|19:55:59|ES2344+514-20171001@195559-R_30508_calib.fits|ES2344+514|23 47 04.80|+51 42 18.0|356.7700|51.7050|1011.0797|1093.4876|R_30508|2458028.3305439814|180.0|21.3737|3.0266|2862.0000|2.1403
236|2017-10-01|19:04:10|OJ248-20171001@190348-R_30508_calib.fits|OJ248|08 30 52.10|+24 11 00.0|127.7171|24.1833|1027.1960|1021.6055|R_30508|2458028.294560185|180.0|20.7671|3.2717|2862.0000|2.1901
237|2017-10-01|19:07:22|OJ248-20171001@190722-R_30508_calib.fits|OJ248|08 30 52.10|+24 11 00.0|127.7171|24.1833|1028.0098|1019.1889|R_30508|2458028.2967824074|180.0|20.7397|3.5356|2862.0000|2.1384
238|2017-10-01|19:11:06|OJ287-20171001@191106-R_30508_calib.fits|OJ287|08 54 48.90|+20 06 31.0|133.7037|20.1086|1010.6515|1024.9136|R_30508|2458028.299375|180.0|21.1873|3.7274|2862.0000|2.6401
239|2017-10-01|19:14:16|OJ287-20171001@191416-R_30508_calib.fits|OJ287|08 54 48.90|+20 06 31.0|133.7037|20.1086|1011.3385|1023.5508|R_30508|2458028.301574074|180.0|21.2764|3.6945|2862.0000|2.5619
240|2017-10-01|19:18:48|OJ49-20171001@191826-R_30508_calib.fits|OJ49|08 31 48.90|+04 29 39.0|127.9537|4.4942|1007.6316|1017.4710|R_30508|2458028.304722222|180.0|20.4978|3.8966|2862.0000|2.4808
241|2017-10-01|19:22:01|OJ49-20171001@192200-R_30508_calib.fits|OJ49|08 31 48.90|+04 29 39.0|127.9537|4.4942|1008.4879|1015.1682|R_30508|2458028.3069560183|180.0|20.6392|3.7231|2862.0000|2.4109
242|2017-10-01|19:33:53|S4_0954+65-20171001@193353-R_30508_calib.fits|S4_0954+65|09 58 47.20|+65 33 55.0|149.6967|65.5653|1042.6264|983.6448|R_30508|2458028.315196759|180.0|20.7223|3.1597|2862.0000|2.4817
243|2017-10-01|19:37:05|S4_0954+65-20171001@193705-R_30508_calib.fits|S4_0954+65|09 58 47.20|+65 33 55.0|149.6967|65.5653|1042.2913|983.3273|R_30508|2458028.3174189813|180.0|20.7156|3.3068|2862.0000|2.4497
244|2017-10-02|20:01:43|OJ248-20171002@200121-R_30508_calib.fits|OJ248|08 30 52.10|+24 11 00.0|127.7171|24.1833|1022.6691|1038.0075|R_30508|2458029.334525463|180.0|20.8593|3.1009|2862.0000|1.5294
245|2017-10-02|20:21:51|OJ248-20171002@202129-R_30508_calib.fits|OJ248|08 30 52.10|+24 11 00.0|127.7171|24.1833|1023.6926|1020.8477|R_30508|2458029.3485069443|180.0|20.8818|2.7775|2862.0000|1.4054
246|2017-10-02|20:25:36|OJ287-20171002@202536-R_30508_calib.fits|OJ287|08 54 48.90|+20 06 31.0|133.7037|20.1086|1018.0266|1034.6890|R_30508|2458029.351111111|180.0|21.4863|3.4515|2862.0000|1.5575
247|2017-10-02|20:28:47|OJ287-20171002@202847-R_30508_calib.fits|OJ287|08 54 48.90|+20 06 31.0|133.7037|20.1086|1017.8216|1032.7847|R_30508|2458029.353321759|180.0|21.4773|3.4207|2862.0000|1.5341
248|2017-10-02|20:33:19|OJ49-20171002@203257-R_30508_calib.fits|OJ49|08 31 48.90|+04 29 39.0|127.9537|4.4942|1017.1826|1035.4918|R_30508|2458029.3564699073|180.0|20.8916|2.9609|2862.0000|1.5111
249|2017-10-02|19:54:03|PKS0735+17-20171002@195341-R_30508_calib.fits|PKS0735+17|07 38 07.40|+17 42 19.0|114.5308|17.7053|1021.3380|1020.2135|R_30508|2458029.329201389|180.0|21.3371|2.4401|2862.0000|1.3128
250|2017-10-02|19:57:15|PKS0735+17-20171002@195714-R_30508_calib.fits|PKS0735+17|07 38 07.40|+17 42 19.0|114.5308|17.7053|1020.6644|1018.6491|R_30508|2458029.331423611|180.0|21.3406|2.5082|2862.0000|1.2986
251|2017-10-02|19:45:23|S5_0716+71-20171002@194502-R_30508_calib.fits|S5_0716+71|07 21 53.40|+71 20 36.0|110.4725|71.3433|1020.2377|1025.8461|R_30508|2458029.32318287|180.0|21.3999|2.4265|2862.0000|1.6709
252|2017-10-02|19:48:35|S5_0716+71-20171002@194834-R_30508_calib.fits|S5_0716+71|07 21 53.40|+71 20 36.0|110.4725|71.3433|1019.2923|1026.1606|R_30508|2458029.3254050924|180.0|21.3985|2.3976|2862.0000|1.6635
253|2017-10-03|13:15:26|3C345-20171003@131504-R_30508_calib.fits|3C345|16 42 58.80|+39 48 37.0|250.7450|39.8103|1023.7808|1031.7361|R_30508|2458030.052384259|180.0|20.5213|4.1773|2862.0000|2.8214
254|2017-10-03|13:18:38|3C345-20171003@131837-R_30508_calib.fits|3C345|16 42 58.80|+39 48 37.0|250.7450|39.8103|1024.3433|1034.8246|R_30508|2458030.0546064815|180.0|20.4203|4.0288|2862.0000|2.9014
255|2017-10-03|13:36:00|3C371-20171003@133538-R_30508_calib.fits|3C371|18 06 50.70|+69 49 28.0|271.7112|69.8244|1026.8184|968.0226|R_30508|2458030.066666667|180.0|20.9796|3.4825|2862.0000|1.9943
256|2017-10-03|13:39:11|3C371-20171003@133911-R_30508_calib.fits|3C371|18 06 50.70|+69 49 28.0|271.7112|69.8244|1026.3346|969.6465|R_30508|2458030.0688773147|180.0|20.9894|3.4415|2862.0000|2.0107
257|2017-10-03|14:04:07|3C454-3-20171003@140407-R_30508_calib.fits|3C454-3|22 53 57.70|+16 08 54.0|343.4904|16.1483|-27.7905|931.4654|R_30508|2458030.0861921296|180.0|19.4505|2.7592|2862.0000|1.0083
258|2017-10-03|14:07:50|3C454-3-20171003@140750-R_30508_calib.fits|3C454-3|22 53 57.70|+16 08 54.0|343.4904|16.1483|1024.4327|1025.1052|R_30508|2458030.088773148|180.0|19.5479|2.5450|2862.0000|1.0093
259|2017-10-03|14:31:42|3C66A-20171003@143120-R_30508_calib.fits|3C66A|02 22 39.60|+43 02 08.0|35.6650|43.0356|1069.2013|989.0260|R_30508|2458030.105347222|180.0|21.3255|2.9491|2862.0000|1.3241
260|2017-10-03|14:34:53|3C66A-20171003@143452-R_30508_calib.fits|3C66A|02 22 39.60|+43 02 08.0|35.6650|43.0356|1068.0400|987.9551|R_30508|2458030.1075578704|180.0|21.3361|2.4069|2862.0000|1.3128
261|2017-10-03|12:58:45|4C38-41-20171003@125823-R_30508_calib.fits|4C38-41|16 35 15.50|+38 08 04.0|248.8146|38.1344|984.6603|1172.4726|R_30508|2458030.040798611|180.0|20.5978|4.6327|2862.0000|2.6590
262|2017-10-03|13:02:39|4C38-41-20171003@130217-R_30508_calib.fits|4C38-41|16 35 15.50|+38 08 04.0|248.8146|38.1344|985.8378|1173.6262|R_30508|2458030.0435069446|180.0|20.6824|4.7489|2862.0000|2.7473
263|2017-10-03|13:28:18|4C51-37-20171003@132756-R_30508_calib.fits|4C51-37|17 40 37.00|+52 11 43.0|265.1542|52.1953|1028.6294|981.5373|R_30508|2458030.0613194443|180.0|21.1164|3.2745|2862.0000|2.0015
264|2017-10-03|13:31:30|4C51-37-20171003@133129-R_30508_calib.fits|4C51-37|17 40 37.00|+52 11 43.0|265.1542|52.1953|1028.0134|983.7521|R_30508|2458030.0635416666|180.0|21.0877|3.1931|2862.0000|2.0319
265|2017-10-03|14:40:43|AO0235+16-20171003@144021-R_30508_calib.fits|AO0235+16|02 38 38.90|+16 36 59.0|39.6621|16.6164|1027.7728|1046.6934|R_30508|2458030.1116087963|180.0|18.9287|2.2045|2862.0000|1.3699
266|2017-10-03|14:43:55|AO0235+16-20171003@144355-R_30508_calib.fits|AO0235+16|02 38 38.90|+16 36 59.0|39.6621|16.6164|1027.2314|1044.7828|R_30508|2458030.1138310186|180.0|20.8763|2.3891|2862.0000|1.3538
267|2017-10-03|13:53:01|CTA102-20171003@135239-R_30508_calib.fits|CTA102|22 32 36.40|+11 43 51.0|338.1517|11.7308|1046.0860|849.8634|R_30508|2458030.078483796|180.0|20.7118|2.6701|2862.0000|1.0233
268|2017-10-03|13:56:13|CTA102-20171003@135612-R_30508_calib.fits|CTA102|22 32 36.40|+11 43 51.0|338.1517|11.7308|1046.7234|848.9578|R_30508|2458030.0807060185|180.0|20.7043|2.5491|2862.0000|1.0244
269|2017-10-03|14:23:26|ES2344+514-20171003@142305-R_30508_calib.fits|ES2344+514|23 47 04.80|+51 42 18.0|356.7700|51.7050|1022.9602|1026.0974|R_30508|2458030.0996064814|180.0|21.4009|2.4813|2862.0000|1.1413
270|2017-10-03|14:27:01|ES2344+514-20171003@142701-R_30508_calib.fits|ES2344+514|23 47 04.80|+51 42 18.0|356.7700|51.7050|1022.6969|1027.5691|R_30508|2458030.1020949073|180.0|21.4031|2.3587|2862.0000|1.1400
271|2017-10-03|14:13:56|L-Lacertae-20171003@141334-R_30508_calib.fits|L-Lacertae|22 02 43.30|+42 16 40.0|330.6804|42.2778|1021.5050|1023.0078|R_30508|2458030.093009259|180.0|21.1751|2.4942|2862.0000|1.0899
272|2017-10-03|14:17:09|L-Lacertae-20171003@141708-R_30508_calib.fits|L-Lacertae|22 02 43.30|+42 16 40.0|330.6804|42.2778|1021.6163|1022.7943|R_30508|2458030.0952430554|180.0|21.1741|2.4880|2862.0000|1.0933
273|2017-10-03|13:07:06|Mkn501-20171003@130644-R_30508_calib.fits|Mkn501|16 53 52.20|+39 45 37.0|253.4675|39.7603|1021.9007|1011.2854|R_30508|2458030.0465972223|180.0|20.9075|4.8618|2862.0000|2.4271
274|2017-10-03|13:11:01|Mkn501-20171003@131039-R_30508_calib.fits|Mkn501|16 53 52.20|+39 45 37.0|253.4675|39.7603|1021.6376|1014.6453|R_30508|2458030.0493171294|180.0|20.9370|3.9795|2862.0000|2.4988
275|2017-10-03|13:45:03|PKS2155-304-20171003@134442-R_30508_calib.fits|PKS2155-304|21 58 52.00|-30 13 32.0|329.7167|-30.2256|1024.9305|1022.3782|R_30508|2458030.072951389|180.0|20.7871|2.9539|2862.0000|1.7203
276|2017-10-03|13:48:15|PKS2155-304-20171003@134815-R_30508_calib.fits|PKS2155-304|21 58 52.00|-30 13 32.0|329.7167|-30.2256|1027.2747|1020.1917|R_30508|2458030.0751736113|180.0|20.8225|2.6262|2862.0000|1.7265
277|2017-10-04|21:01:35|3C66A-20171004@210113-R_30508_calib.fits|3C66A|02 22 39.60|+43 02 08.0|35.6650|43.0356|1035.0096|987.0179|R_30508|2458031.376099537|180.0|21.3043|3.5639|2862.0000|1.5187
278|2017-10-04|21:04:47|3C66A-20171004@210446-R_30508_calib.fits|3C66A|02 22 39.60|+43 02 08.0|35.6650|43.0356|1034.4403|989.5809|R_30508|2458031.3783217594|180.0|21.2877|3.6802|2862.0000|1.5368
279|2017-10-05|13:36:44|3C371-20171005@133622-R_30508_calib.fits|3C371|18 06 50.70|+69 49 28.0|271.7112|69.8244|1026.4374|969.4375|R_30508|2458032.0671759257|180.0|21.0070|2.9348|2862.0000|2.0387
280|2017-10-05|13:39:55|3C371-20171005@133955-R_30508_calib.fits|3C371|18 06 50.70|+69 49 28.0|271.7112|69.8244|1025.6056|970.8958|R_30508|2458032.069386574|180.0|21.0115|2.9417|2862.0000|2.0561
281|2017-10-05|14:00:58|3C454-3-20171005@140058-R_30508_calib.fits|3C454-3|22 53 57.70|+16 08 54.0|343.4904|16.1483|1023.0397|1017.1057|R_30508|2458032.0840046294|180.0|20.4641|2.2818|2862.0000|1.0089
282|2017-10-05|14:04:08|3C454-3-20171005@140408-R_30508_calib.fits|3C454-3|22 53 57.70|+16 08 54.0|343.4904|16.1483|1023.5035|1016.1567|R_30508|2458032.0862037037|180.0|20.4559|2.3694|2862.0000|1.0096
283|2017-10-05|14:27:43|3C66A-20171005@142722-R_30508_calib.fits|3C66A|02 22 39.60|+43 02 08.0|35.6650|43.0356|1071.0321|989.8520|R_30508|2458032.1025810186|180.0|21.3338|2.8894|2862.0000|1.3105
284|2017-10-05|14:30:55|3C66A-20171005@143055-R_30508_calib.fits|3C66A|02 22 39.60|+43 02 08.0|35.6650|43.0356|1069.6476|988.2738|R_30508|2458032.104803241|180.0|21.3501|2.5631|2862.0000|1.2997
285|2017-10-05|13:29:01|4C51-37-20171005@132839-R_30508_calib.fits|4C51-37|17 40 37.00|+52 11 43.0|265.1542|52.1953|1028.9785|981.4823|R_30508|2458032.0618171296|180.0|21.0891|2.9866|2862.0000|2.0849
286|2017-10-05|13:32:12|4C51-37-20171005@133212-R_30508_calib.fits|4C51-37|17 40 37.00|+52 11 43.0|265.1542|52.1953|1028.1949|983.4082|R_30508|2458032.064027778|180.0|21.0794|3.1347|2862.0000|2.1183
287|2017-10-05|19:25:33|4C71-07-20171005@192512-R_30508_calib.fits|4C71-07|08 41 24.30|+70 53 42.0|130.3512|70.8950|1034.1921|978.4599|R_30508|2458032.309409722|180.0|21.3109|2.5441|2862.0000|1.9458
288|2017-10-05|19:28:45|4C71-07-20171005@192844-R_30508_calib.fits|4C71-07|08 41 24.30|+70 53 42.0|130.3512|70.8950|1034.1566|978.4648|R_30508|2458032.3116319445|180.0|21.2913|2.6079|2862.0000|1.9317
289|2017-10-05|14:35:33|AO0235+16-20171005@143511-R_30508_calib.fits|AO0235+16|02 38 38.90|+16 36 59.0|39.6621|16.6164|1027.9548|1047.1563|R_30508|2458032.108020833|180.0|21.4027|2.9584|2862.0000|1.3562
290|2017-10-05|14:38:45|AO0235+16-20171005@143844-R_30508_calib.fits|AO0235+16|02 38 38.90|+16 36 59.0|39.6621|16.6164|1027.2235|1045.0150|R_30508|2458032.1102430555|180.0|21.4279|2.7469|2862.0000|1.3406
291|2017-10-05|13:53:41|CTA102-20171005@135319-R_30508_calib.fits|CTA102|22 32 36.40|+11 43 51.0|338.1517|11.7308|1044.2450|854.2437|R_30508|2458032.0789467595|180.0|20.8565|2.1173|2862.0000|1.0264
292|2017-10-05|13:56:53|CTA102-20171005@135652-R_30508_calib.fits|CTA102|22 32 36.40|+11 43 51.0|338.1517|11.7308|1044.6550|853.7432|R_30508|2458032.0811689813|180.0|20.8474|2.1377|2862.0000|1.0282
293|2017-10-05|14:19:24|ES2344+514-20171005@141902-R_30508_calib.fits|ES2344+514|23 47 04.80|+51 42 18.0|356.7700|51.7050|1023.5225|1026.6229|R_30508|2458032.0968055557|180.0|21.4372|2.6821|2862.0000|1.1399
294|2017-10-05|14:23:01|ES2344+514-20171005@142301-R_30508_calib.fits|ES2344+514|23 47 04.80|+51 42 18.0|356.7700|51.7050|1023.2057|1028.8714|R_30508|2458032.0993171297|180.0|21.4283|2.4021|2862.0000|1.1388
295|2017-10-05|14:09:39|L-Lacertae-20171005@140917-R_30508_calib.fits|L-Lacertae|22 02 43.30|+42 16 40.0|330.6804|42.2778|1075.8638|961.4585|R_30508|2458032.0900347224|180.0|21.2076|2.2340|2862.0000|1.0937
296|2017-10-05|14:13:06|L-Lacertae-20171005@141306-R_30508_calib.fits|L-Lacertae|22 02 43.30|+42 16 40.0|330.6804|42.2778|1076.2782|961.4433|R_30508|2458032.0924305557|180.0|21.2140|2.2761|2862.0000|1.0975
297|2017-10-05|13:15:41|Mkn501-20171005@131519-R_30508_calib.fits|Mkn501|16 53 52.20|+39 45 37.0|253.4675|39.7603|986.4242|1182.9475|R_30508|2458032.0525578703|180.0|20.8376|3.5426|2862.0000|2.7540
298|2017-10-05|13:19:35|Mkn501-20171005@131913-R_30508_calib.fits|Mkn501|16 53 52.20|+39 45 37.0|253.4675|39.7603|987.2146|1183.8959|R_30508|2458032.055266204|180.0|20.8468|3.5549|2862.0000|2.8466
299|2017-10-05|19:02:53|OJ248-20171005@190231-R_30508_calib.fits|OJ248|08 30 52.10|+24 11 00.0|127.7171|24.1833|1020.2828|1041.5254|R_30508|2458032.2936689816|180.0|20.7168|2.5788|2862.0000|1.9787
300|2017-10-05|19:06:04|OJ248-20171005@190604-R_30508_calib.fits|OJ248|08 30 52.10|+24 11 00.0|127.7171|24.1833|1020.0326|1038.6855|R_30508|2458032.2958796294|180.0|20.7402|2.5472|2862.0000|1.9377
301|2017-10-05|19:09:48|OJ287-20171005@190948-R_30508_calib.fits|OJ287|08 54 48.90|+20 06 31.0|133.7037|20.1086|1013.4971|1026.8339|R_30508|2458032.2984722224|180.0|21.0542|2.7491|2862.0000|2.3245
302|2017-10-05|19:12:59|OJ287-20171005@191259-R_30508_calib.fits|OJ287|08 54 48.90|+20 06 31.0|133.7037|20.1086|1013.9606|1025.1227|R_30508|2458032.30068287|180.0|21.1562|2.8588|2862.0000|2.2651
303|2017-10-05|19:17:28|OJ49-20171005@191706-R_30508_calib.fits|OJ49|08 31 48.90|+04 29 39.0|127.9537|4.4942|1009.8886|1017.7057|R_30508|2458032.3037962965|180.0|20.4606|3.0688|2862.0000|2.1996
304|2017-10-05|19:20:39|OJ49-20171005@192039-R_30508_calib.fits|OJ49|08 31 48.90|+04 29 39.0|127.9537|4.4942|1010.4743|1016.0086|R_30508|2458032.3060069443|180.0|20.6309|2.8123|2862.0000|2.1460
305|2017-10-05|18:55:14|PKS0735+17-20171005@185452-R_30508_calib.fits|PKS0735+17|07 38 07.40|+17 42 19.0|114.5308|17.7053|1022.2802|1019.7627|R_30508|2458032.2883564816|180.0|21.2785|2.6528|2862.0000|1.5947
306|2017-10-05|18:58:25|PKS0735+17-20171005@185825-R_30508_calib.fits|PKS0735+17|07 38 07.40|+17 42 19.0|114.5308|17.7053|1021.7112|1017.2446|R_30508|2458032.29056713|180.0|21.2760|2.5096|2862.0000|1.5698
307|2017-10-05|13:45:45|PKS2155-304-20171005@134524-R_30508_calib.fits|PKS2155-304|21 58 52.00|-30 13 32.0|329.7167|-30.2256|1024.8913|1021.8312|R_30508|2458032.0734375|180.0|20.8330|3.0105|2862.0000|1.7379
308|2017-10-05|13:48:56|PKS2155-304-20171005@134856-R_30508_calib.fits|PKS2155-304|21 58 52.00|-30 13 32.0|329.7167|-30.2256|1026.3830|1020.1355|R_30508|2458032.075648148|180.0|20.8928|2.6514|2862.0000|1.7454
309|2017-10-05|19:32:35|S4_0954+65-20171005@193235-R_30508_calib.fits|S4_0954+65|09 58 47.20|+65 33 55.0|149.6967|65.5653|1042.1162|987.0955|R_30508|2458032.3142939815|180.0|20.6216|2.7546|2862.0000|2.3441
310|2017-10-05|19:35:46|S4_0954+65-20171005@193545-R_30508_calib.fits|S4_0954+65|09 58 47.20|+65 33 55.0|149.6967|65.5653|1041.5379|986.7609|R_30508|2458032.31650463|180.0|20.6315|2.5970|2862.0000|2.3160
311|2017-10-05|18:46:35|S5_0716+71-20171005@184613-R_30508_calib.fits|S5_0716+71|07 21 53.40|+71 20 36.0|110.4725|71.3433|1019.1218|1029.8010|R_30508|2458032.282349537|180.0|21.3187|2.3087|2862.0000|1.8049
312|2017-10-05|18:49:46|S5_0716+71-20171005@184946-R_30508_calib.fits|S5_0716+71|07 21 53.40|+71 20 36.0|110.4725|71.3433|1018.0802|1030.1700|R_30508|2458032.2845601854|180.0|21.3300|2.3395|2862.0000|1.7945
313|2017-10-06|14:08:12|3C371-20171006@140750-R_30508_calib.fits|3C371|18 06 50.70|+69 49 28.0|271.7112|69.8244|1025.1109|969.3496|R_30508|2458033.089027778|180.0|20.9249|3.9596|2862.0000|2.2528
314|2017-10-06|14:11:24|3C371-20171006@141124-R_30508_calib.fits|3C371|18 06 50.70|+69 49 28.0|271.7112|69.8244|1024.3764|970.8063|R_30508|2458033.09125|180.0|20.9061|3.8170|2862.0000|2.2750
315|2017-10-06|14:31:33|3C454-3-20171006@143133-R_30508_calib.fits|3C454-3|22 53 57.70|+16 08 54.0|343.4904|16.1483|1023.9037|1016.7286|R_30508|2458033.1052430556|180.0|20.4140|2.9667|2862.0000|1.0255
316|2017-10-06|14:34:45|3C454-3-20171006@143444-R_30508_calib.fits|3C454-3|22 53 57.70|+16 08 54.0|343.4904|16.1483|1023.7756|1016.4173|R_30508|2458033.107465278|180.0|20.3774|3.1242|2862.0000|1.0282
317|2017-10-06|14:57:18|3C66A-20171006@145656-R_30508_calib.fits|3C66A|02 22 39.60|+43 02 08.0|35.6650|43.0356|1023.2744|1022.9422|R_30508|2458033.123125|180.0|21.3808|2.5894|2862.0000|1.2131
318|2017-10-06|15:00:30|3C66A-20171006@150030-R_30508_calib.fits|3C66A|02 22 39.60|+43 02 08.0|35.6650|43.0356|1023.2168|1022.6289|R_30508|2458033.125347222|180.0|21.3777|2.6557|2862.0000|1.2055
319|2017-10-06|14:00:31|4C51-37-20171006@140009-R_30508_calib.fits|4C51-37|17 40 37.00|+52 11 43.0|265.1542|52.1953|1016.6332|1040.0389|R_30508|2458033.0836921297|180.0|21.0242|4.5643|2862.0000|2.5296
320|2017-10-06|14:03:42|4C51-37-20171006@140342-R_30508_calib.fits|4C51-37|17 40 37.00|+52 11 43.0|265.1542|52.1953|1016.6084|1041.1969|R_30508|2458033.085902778|180.0|21.0031|4.6721|2862.0000|2.5804
321|2017-10-06|14:24:40|CTA102-20171006@142418-R_30508_calib.fits|CTA102|22 32 36.40|+11 43 51.0|338.1517|11.7308|1040.2050|874.9686|R_30508|2458033.100462963|180.0|20.7899|2.8382|2862.0000|1.0535
322|2017-10-06|14:27:52|CTA102-20171006@142752-R_30508_calib.fits|CTA102|22 32 36.40|+11 43 51.0|338.1517|11.7308|1040.3526|874.8832|R_30508|2458033.102685185|180.0|20.7911|2.9159|2862.0000|1.0572
323|2017-10-06|14:47:56|ES2344+514-20171006@144734-R_30508_calib.fits|ES2344+514|23 47 04.80|+51 42 18.0|356.7700|51.7050|1007.0187|1020.9745|R_30508|2458033.11662037|180.0|21.4548|2.8299|2862.0000|1.1364
324|2017-10-06|14:51:07|ES2344+514-20171006@145107-R_30508_calib.fits|ES2344+514|23 47 04.80|+51 42 18.0|356.7700|51.7050|1007.5972|1020.4260|R_30508|2458033.1188310185|180.0|21.4375|3.1872|2862.0000|1.1368
325|2017-10-06|14:39:48|L-Lacertae-20171006@143926-R_30508_calib.fits|L-Lacertae|22 02 43.30|+42 16 40.0|330.6804|42.2778|1069.4368|965.4284|R_30508|2458033.1109722224|180.0|21.1993|3.2318|2862.0000|1.1407
326|2017-10-06|14:43:01|L-Lacertae-20171006@144300-R_30508_calib.fits|L-Lacertae|22 02 43.30|+42 16 40.0|330.6804|42.2778|1069.1299|965.9799|R_30508|2458033.1132060187|180.0|21.2211|2.8398|2862.0000|1.1469
327|2017-10-06|14:16:43|PKS2155-304-20171006@141621-R_30508_calib.fits|PKS2155-304|21 58 52.00|-30 13 32.0|329.7167|-30.2256|981.4600|1224.5289|R_30508|2458033.0949421297|180.0|20.6773|4.0249|2862.0000|1.8496
328|2017-10-06|14:19:54|PKS2155-304-20171006@141954-R_30508_calib.fits|PKS2155-304|21 58 52.00|-30 13 32.0|329.7167|-30.2256|983.1955|1223.4686|R_30508|2458033.097152778|180.0|20.7329|3.7068|2862.0000|1.8637
329|2017-10-09|14:43:44|3C371-20171009@144322-R_30508_calib.fits|3C371|18 06 50.70|+69 49 28.0|271.7112|69.8244|1104.9006|888.1017|R_30508|2458036.1137037035|180.0|20.7395|9.8621|2862.0000|2.6382
330|2017-10-09|14:47:38|3C371-20171009@144716-R_30508_calib.fits|3C371|18 06 50.70|+69 49 28.0|271.7112|69.8244|1104.2976|887.4188|R_30508|2458036.116412037|180.0|20.9813|8.4700|2862.0000|2.6767
331|2017-10-09|18:26:00|3C454-3-20171009@182538-R_30508_calib.fits|3C454-3|22 53 57.70|+16 08 54.0|343.4904|16.1483|1020.8465|1056.9157|R_30508|2458036.2680555554|180.0|19.7085|6.6837|2862.0000|2.6954
332|2017-10-09|18:29:11|3C454-3-20171009@182911-R_30508_calib.fits|3C454-3|22 53 57.70|+16 08 54.0|343.4904|16.1483|1022.2065|1058.6765|R_30508|2458036.2702662037|180.0|19.8136|6.8070|2862.0000|2.7829
333|2017-10-09|18:41:54|3C66A-20171009@184132-R_30508_calib.fits|3C66A|02 22 39.60|+43 02 08.0|35.6650|43.0356|1045.1806|969.2191|R_30508|2458036.2790972223|180.0|21.2551|4.8742|2862.0000|1.1358
334|2017-10-09|18:45:05|3C66A-20171009@184505-R_30508_calib.fits|3C66A|02 22 39.60|+43 02 08.0|35.6650|43.0356|1044.4260|970.8209|R_30508|2458036.2813078705|180.0|21.2047|5.5527|2862.0000|1.1410
335|2017-10-09|19:37:48|4C71-07-20171009@193727-R_30508_calib.fits|4C71-07|08 41 24.30|+70 53 42.0|130.3512|70.8950|1019.7095|984.6842|R_30508|2458036.3179166666|180.0|20.7727|7.5613|2862.0000|1.8329
336|2017-10-09|19:41:00|4C71-07-20171009@194100-R_30508_calib.fits|4C71-07|08 41 24.30|+70 53 42.0|130.3512|70.8950|1019.0874|985.5156|R_30508|2458036.320138889|180.0|20.6292|8.7300|2862.0000|1.8213
337|2017-10-09|18:49:44|AO0235+16-20171009@184922-R_30508_calib.fits|AO0235+16|02 38 38.90|+16 36 59.0|39.6621|16.6164|972.3318|1100.9080|R_30508|2458036.284537037|180.0|21.3584|4.8261|2862.0000|1.0812
338|2017-10-09|18:52:55|AO0235+16-20171009@185255-R_30508_calib.fits|AO0235+16|02 38 38.90|+16 36 59.0|39.6621|16.6164|972.5921|1101.4140|R_30508|2458036.286747685|180.0|21.2999|5.2580|2862.0000|1.0869
339|2017-10-09|17:52:15|CTA102-20171009@175153-R_30508_calib.fits|CTA102|22 32 36.40|+11 43 51.0|338.1517|11.7308|1022.7297|1021.6130|R_30508|2458036.2446180554|180.0|20.0194|7.8088|2862.0000|2.5490
340|2017-10-09|17:56:08|CTA102-20171009@175547-R_30508_calib.fits|CTA102|22 32 36.40|+11 43 51.0|338.1517|11.7308|1025.3294|1022.8868|R_30508|2458036.247314815|180.0|20.1209|7.5147|2862.0000|2.6467
341|2017-10-09|18:33:59|ES2344+514-20171009@183337-R_30508_calib.fits|ES2344+514|23 47 04.80|+51 42 18.0|356.7700|51.7050|1034.3227|947.4956|R_30508|2458036.273599537|180.0|21.2667|5.8363|2862.0000|1.7167
342|2017-10-09|18:37:10|ES2344+514-20171009@183710-R_30508_calib.fits|ES2344+514|23 47 04.80|+51 42 18.0|356.7700|51.7050|1033.2347|950.2755|R_30508|2458036.2758101854|180.0|21.2524|5.6018|2862.0000|1.7378
343|2017-10-09|19:15:06|OJ248-20171009@191444-R_30508_calib.fits|OJ248|08 30 52.10|+24 11 00.0|127.7171|24.1833|1023.4312|1040.0901|R_30508|2458036.3021527776|180.0|20.2623|10.4351|2862.0000|1.6787
344|2017-10-09|19:18:18|OJ248-20171009@191817-R_30508_calib.fits|OJ248|08 30 52.10|+24 11 00.0|127.7171|24.1833|1022.7293|1037.0487|R_30508|2458036.304375|180.0|20.3586|9.5754|2862.0000|1.6509
345|2017-10-09|19:22:02|OJ287-20171009@192202-R_30508_calib.fits|OJ287|08 54 48.90|+20 06 31.0|133.7037|20.1086|1017.6162|1032.8498|R_30508|2458036.306967593|180.0|20.8152|10.0596|2862.0000|1.8994
346|2017-10-09|19:25:13|OJ287-20171009@192513-R_30508_calib.fits|OJ287|08 54 48.90|+20 06 31.0|133.7037|20.1086|1017.8007|1030.6331|R_30508|2458036.3091782406|180.0|20.9965|9.2205|2862.0000|1.8614
347|2017-10-09|19:29:44|OJ49-20171009@192922-R_30508_calib.fits|OJ49|08 31 48.90|+04 29 39.0|127.9537|4.4942|1019.4542|1025.2733|R_30508|2458036.312314815|180.0|20.3919|9.2065|2862.0000|1.8176
348|2017-10-09|19:32:55|OJ49-20171009@193255-R_30508_calib.fits|OJ49|08 31 48.90|+04 29 39.0|127.9537|4.4942|1020.0472|1023.6707|R_30508|2458036.314525463|180.0|20.5190|7.8307|2862.0000|1.7835
349|2017-10-09|19:07:29|PKS0735+17-20171009@190707-R_30508_calib.fits|PKS0735+17|07 38 07.40|+17 42 19.0|114.5308|17.7053|1022.2719|1018.7951|R_30508|2458036.296863426|180.0|20.8897|8.8416|2862.0000|1.4082
350|2017-10-09|19:10:40|PKS0735+17-20171009@191040-R_30508_calib.fits|PKS0735+17|07 38 07.40|+17 42 19.0|114.5308|17.7053|1021.0967|1016.5805|R_30508|2458036.2990740743|180.0|20.8949|8.2453|2862.0000|1.3905
351|2017-10-09|19:44:49|S4_0954+65-20171009@194449-R_30508_calib.fits|S4_0954+65|09 58 47.20|+65 33 55.0|149.6967|65.5653|1031.7306|988.9775|R_30508|2458036.322789352|180.0|20.3779|6.8855|2862.0000|2.1200
352|2017-10-09|19:47:59|S4_0954+65-20171009@194759-R_30508_calib.fits|S4_0954+65|09 58 47.20|+65 33 55.0|149.6967|65.5653|1031.8004|987.9271|R_30508|2458036.3249884257|180.0|20.1945|9.1235|2862.0000|2.0977
353|2017-10-09|18:58:46|S5_0716+71-20171009@185824-R_30508_calib.fits|S5_0716+71|07 21 53.40|+71 20 36.0|110.4725|71.3433|1020.5047|1030.8537|R_30508|2458036.290810185|180.0|20.7782|8.2880|2862.0000|1.7211
354|2017-10-09|19:01:59|S5_0716+71-20171009@190158-R_30508_calib.fits|S5_0716+71|07 21 53.40|+71 20 36.0|110.4725|71.3433|1020.8929|1029.9224|R_30508|2458036.2930439813|180.0|20.6786|12.1245|2862.0000|1.7125
355|2017-10-10|17:20:08|3C454-3-20171010@172007-R_30508_calib.fits|3C454-3|22 53 57.70|+16 08 54.0|343.4904|16.1483|1026.5092|1002.2635|R_30508|2458037.222314815|180.0|20.3010|3.9006|2862.0000|1.7067
356|2017-10-10|17:23:17|3C454-3-20171010@172317-R_30508_calib.fits|3C454-3|22 53 57.70|+16 08 54.0|343.4904|16.1483|1026.6854|1004.2714|R_30508|2458037.224502315|180.0|20.2793|4.0409|2862.0000|1.7377
357|2017-10-10|17:43:36|3C66A-20171010@174314-R_30508_calib.fits|3C66A|02 22 39.60|+43 02 08.0|35.6650|43.0356|1027.2677|1017.8867|R_30508|2458037.238611111|180.0|21.4048|3.5187|2862.0000|1.0760
358|2017-10-10|17:47:01|3C66A-20171010@174701-R_30508_calib.fits|3C66A|02 22 39.60|+43 02 08.0|35.6650|43.0356|1027.1953|1018.0866|R_30508|2458037.2409837963|180.0|21.4011|3.3622|2862.0000|1.0784
359|2017-10-10|18:26:01|4C71-07-20171010@182539-R_30508_calib.fits|4C71-07|08 41 24.30|+70 53 42.0|130.3512|70.8950|1033.8012|972.4715|R_30508|2458037.2680671294|180.0|21.2234|4.2961|2862.0000|2.1485
360|2017-10-10|18:29:13|4C71-07-20171010@182912-R_30508_calib.fits|4C71-07|08 41 24.30|+70 53 42.0|130.3512|70.8950|1034.4034|972.8020|R_30508|2458037.2702893517|180.0|21.2045|4.4794|2862.0000|2.1300
361|2017-10-10|21:05:45|4C71-07-20171010@210523-R_30508_calib.fits|4C71-07|08 41 24.30|+70 53 42.0|130.3512|70.8950|990.0885|1012.2748|R_30508|2458037.378993056|180.0|21.2932|2.7768|2862.0000|1.5882
362|2017-10-10|21:08:56|4C71-07-20171010@210856-R_30508_calib.fits|4C71-07|08 41 24.30|+70 53 42.0|130.3512|70.8950|990.2755|1013.0812|R_30508|2458037.3812037036|180.0|21.2457|2.7732|2862.0000|1.5825
363|2017-10-10|17:52:31|AO0235+16-20171010@175209-R_30508_calib.fits|AO0235+16|02 38 38.90|+16 36 59.0|39.6621|16.6164|973.6328|1091.8692|R_30508|2458037.2448032405|180.0|21.5423|3.6518|2862.0000|1.0191
364|2017-10-10|17:55:56|AO0235+16-20171010@175556-R_30508_calib.fits|AO0235+16|02 38 38.90|+16 36 59.0|39.6621|16.6164|975.5625|1091.7255|R_30508|2458037.247175926|180.0|21.5295|3.6447|2862.0000|1.0214
365|2017-10-10|17:13:13|CTA102-20171010@171251-R_30508_calib.fits|CTA102|22 32 36.40|+11 43 51.0|338.1517|11.7308|1021.6781|1023.7341|R_30508|2458037.2175115743|180.0|20.6132|3.9913|2862.0000|1.9343
366|2017-10-10|17:16:25|CTA102-20171010@171625-R_30508_calib.fits|CTA102|22 32 36.40|+11 43 51.0|338.1517|11.7308|1022.8812|1026.3035|R_30508|2458037.219733796|180.0|20.6509|4.0398|2862.0000|1.9768
367|2017-10-10|17:35:41|ES2344+514-20171010@173519-R_30508_calib.fits|ES2344+514|23 47 04.80|+51 42 18.0|356.7700|51.7050|1044.9098|937.7314|R_30508|2458037.233113426|180.0|21.4245|3.4532|2862.0000|1.4445
368|2017-10-10|17:38:54|ES2344+514-20171010@173854-R_30508_calib.fits|ES2344+514|23 47 04.80|+51 42 18.0|356.7700|51.7050|1044.2398|940.4641|R_30508|2458037.235347222|180.0|21.4204|3.4740|2862.0000|1.4572
369|2017-10-10|17:27:55|L-Lacertae-20171010@172733-R_30508_calib.fits|L-Lacertae|22 02 43.30|+42 16 40.0|330.6804|42.2778|1032.6892|1010.8175|R_30508|2458037.227719907|180.0|21.0949|4.4957|2862.0000|2.1003
370|2017-10-10|17:31:07|L-Lacertae-20171010@173106-R_30508_calib.fits|L-Lacertae|22 02 43.30|+42 16 40.0|330.6804|42.2778|1032.0452|1013.2809|R_30508|2458037.2299421295|180.0|21.1001|4.1773|2862.0000|2.1411
371|2017-10-10|18:18:02|OJ248-20171010@181740-R_30508_calib.fits|OJ248|08 30 52.10|+24 11 00.0|127.7171|24.1833|1017.6405|1039.0099|R_30508|2458037.262523148|180.0|20.4073|7.2987|2862.0000|2.3831
372|2017-10-10|18:21:13|OJ248-20171010@182113-R_30508_calib.fits|OJ248|08 30 52.10|+24 11 00.0|127.7171|24.1833|1017.2570|1037.9189|R_30508|2458037.2647337965|180.0|20.4880|6.1323|2862.0000|2.3222
373|2017-10-10|20:49:54|OJ287-20171010@204932-R_30508_calib.fits|OJ287|08 54 48.90|+20 06 31.0|133.7037|20.1086|1023.2540|1017.3020|R_30508|2458037.367986111|180.0|21.4423|3.4805|2862.0000|1.2573
374|2017-10-10|20:53:06|OJ287-20171010@205306-R_30508_calib.fits|OJ287|08 54 48.90|+20 06 31.0|133.7037|20.1086|1022.7320|1016.1161|R_30508|2458037.3702083332|180.0|21.4515|3.2096|2862.0000|1.2451
375|2017-10-10|20:57:38|OJ49-20171010@205716-R_30508_calib.fits|OJ49|08 31 48.90|+04 29 39.0|127.9537|4.4942|1030.6542|1028.9439|R_30508|2458037.3733564815|180.0|20.8240|2.9019|2862.0000|1.2455
376|2017-10-10|21:00:50|OJ49-20171010@210050-R_30508_calib.fits|OJ49|08 31 48.90|+04 29 39.0|127.9537|4.4942|1030.5458|1028.4570|R_30508|2458037.375578704|180.0|20.8032|2.9006|2862.0000|1.2351
377|2017-10-10|18:10:22|PKS0735+17-20171010@181000-R_30508_calib.fits|PKS0735+17|07 38 07.40|+17 42 19.0|114.5308|17.7053|1021.4472|1021.5480|R_30508|2458037.257199074|180.0|21.0622|4.8301|2862.0000|1.8322
378|2017-10-10|18:13:33|PKS0735+17-20171010@181333-R_30508_calib.fits|PKS0735+17|07 38 07.40|+17 42 19.0|114.5308|17.7053|1021.5527|1018.6329|R_30508|2458037.2594097224|180.0|21.0712|4.9963|2862.0000|1.7970
379|2017-10-10|18:33:03|S4_0954+65-20171010@183303-R_30508_calib.fits|S4_0954+65|09 58 47.20|+65 33 55.0|149.6967|65.5653|1030.0175|977.9863|R_30508|2458037.2729513887|180.0|20.3735|6.2048|2862.0000|2.7707
380|2017-10-10|18:36:14|S4_0954+65-20171010@183614-R_30508_calib.fits|S4_0954+65|09 58 47.20|+65 33 55.0|149.6967|65.5653|1030.5755|978.9154|R_30508|2458037.275162037|180.0|20.3939|6.0631|2862.0000|2.7313
381|2017-10-10|18:01:39|S5_0716+71-20171010@180117-R_30508_calib.fits|S5_0716+71|07 21 53.40|+71 20 36.0|110.4725|71.3433|1020.4245|1029.2864|R_30508|2458037.251145833|180.0|21.2970|3.7919|2862.0000|1.8951
382|2017-10-10|18:04:51|S5_0716+71-20171010@180450-R_30508_calib.fits|S5_0716+71|07 21 53.40|+71 20 36.0|110.4725|71.3433|1020.2592|1029.0149|R_30508|2458037.2533680554|180.0|21.2943|4.0252|2862.0000|1.8827
